time,ax,ay,az,speed
1970-01-01 00:00:00.000000000,0.44,0.5999157156489546,-0.28459726883655995,0.0581445761367004
1970-01-01 00:00:00.000000014,0.39423076923076916,0.595701498096685,-1.0144607106645571,0.0581445761367004
1970-01-01 00:00:00.000000015,0.25,0.48402473296154214,-1.1058419191064885,0.0581445761367004
1970-01-01 00:00:00.000000015,0.25,0.472966291864953,-1.0932711052106316,0.0581445761367004
1970-01-01 00:00:00.000000015,0.09615384615384615,0.2860651473921882,-0.6624779215805632,0.0581445761367004
1970-01-01 00:00:00.000000015,0.125,0.0007926877241287299,-0.04363277746457286,0.0581445761367004
1970-01-01 00:00:00.000000015,0.125,-0.01466257884071322,-0.015607069962902315,0.0581445761367004
1970-01-01 00:00:00.000000015,0.18269230769230768,-0.14668231642338575,0.12224188846621048,0.0581445761367004
1970-01-01 00:00:00.000000015,0.25,-0.19575996459070252,0.06613805855058494,0.0581445761367004
1970-01-01 00:00:00.000000015,0.30769230769230765,-0.13883672752558254,-0.0865143076004173,0.0581445761367004
1970-01-01 00:00:00.000000015,0.30769230769230765,-0.052831678600026175,-0.15202436376185174,0.0581445761367004
1970-01-01 00:00:00.000000015,0.28846153846153844,-0.03761859467512438,-0.26814351396957975,0.0581445761367004
1970-01-01 00:00:00.000000015,0.30769230769230765,0.037129622371668024,-0.5878505134168018,0.0581445761367004
1970-01-01 00:00:00.000000015,0.30769230769230765,0.0401183987101608,-0.6038203482840692,0.0581445761367004
1970-01-01 00:00:00.000000015,0.3461538461538461,0.04606714280267364,-0.7152988902530671,0.0581445761367004
1970-01-01 00:00:00.000000015,0.09615384615384615,0.20369445696202754,-0.709249688548743,0.0581445761367004
1970-01-01 00:00:00.000000015,0.09615384615384615,0.20368319517206976,-0.6844427005629967,0.0581445761367004
1970-01-01 00:00:00.000000015,-0.09615384615384615,0.045751812683855794,-0.02070322665216786,0.0581445761367004
1970-01-01 00:00:00.000000015,-0.17307692307692304,0.03161574729203656,0.12545558095446396,0.0581445761367004
1970-01-01 00:00:00.000000015,-0.1346153846153846,0.05787336420113146,0.15800391242269432,0.0581445761367004
1970-01-01 00:00:00.000000015,-0.10576923076923075,0.030965086138512888,0.14065005445828235,0.0581445761367004
1970-01-01 00:00:00.000000015,-0.10576923076923075,0.028183961538716554,0.13954755795092932,0.0581445761367004
1970-01-01 00:00:00.000000015,-0.11538461538461536,-0.01999812459316591,0.12713401021680912,0.0581445761367004
1970-01-01 00:00:00.000000015,-0.07692307692307691,-0.06813332555419623,0.04307071790291673,0.0581445761367004
1970-01-01 00:00:00.000000015,-0.07692307692307691,-0.0696016653701319,0.035775373161942334,0.0581445761367004
1970-01-01 00:00:00.000000015,-0.05769230769230768,-0.06111163943936487,-0.07713564253047384,0.0581445761367004
1970-01-01 00:00:00.000000015,-0.05769230769230768,-0.08041259949271966,-0.1184377214847362,0.05814457613670042
1970-01-01 00:00:00.000000015,-0.08653846153846152,-0.11002854686406606,-0.12068283755740378,0.05814457613670101
1970-01-01 00:00:00.000000015,-0.10576923076923075,-0.14035816583706426,-0.13999889256516615,0.05814457613671684
1970-01-01 00:00:00.000000015,-0.1346153846153846,-0.1796419307366685,-0.15928726170208185,0.05814457613714384
1970-01-01 00:00:00.000000015,-0.16346153846153846,-0.2099739640529853,-0.1607571733910435,0.05814457614865691
1970-01-01 00:00:00.000000015,-0.15384615384615383,-0.23965509869393473,-0.18115641985609282,0.058144576459082734
1970-01-01 00:00:00.000000015,-0.14423076923076922,-0.26071370068325245,-0.2304661627234629,0.058144584829066884
1970-01-01 00:00:00.000000015,-0.14423076923076922,-0.2996148197538808,-0.2914299736774056,0.05814481050821328
1970-01-01 00:00:00.000000015,-0.15384615384615383,-0.328886432671529,-0.38814312656648875,0.05815089547518181
1970-01-01 00:00:00.000000015,-0.15384615384615383,-0.3303188623774026,-0.4384344436177903,0.058314963904185765
1970-01-01 00:00:00.000000015,-0.1346153846153846,-0.33972285151833986,-0.44958685111385055,0.06273872652032389
1970-01-01 00:00:00.000000015,-0.1346153846153846,-0.3421981286177736,-0.4504105364561734,0.1820162487270496
1970-01-01 00:00:00.000000015,-0.11538461538461536,-0.39962662116154724,-0.46149763320283166,0.18644001134318772
1970-01-01 00:00:00.000000015,-0.11538461538461536,-0.4477206427440009,-0.5100255600202809,0.18660407977219168
1970-01-01 00:00:00.000000015,-0.10576923076923075,-0.43883073292647845,-0.5591924873447537,0.1866101647391602
1970-01-01 00:00:00.000000015,-0.09615384615384615,-0.4007091462709173,-0.5881715982880664,0.1866103904183066
1970-01-01 00:00:00.000000015,-0.10576923076923075,-0.38031621638828766,-0.571440666433041,0.18661039878829078
1970-01-01 00:00:00.000000015,-0.1346153846153846,-0.36782869621285036,-0.5907263954040421,0.1866103990987166
1970-01-01 00:00:00.000000015,-0.09615384615384615,-0.30105858135867153,-0.6281720094760956,0.18661039911022967
1970-01-01 00:00:00.000000015,-0.009615384615384614,-0.2607530004712816,-0.6199178604505416,0.18661039911065663
1970-01-01 00:00:00.000000015,0.03846153846153846,-0.23927243136593068,-0.6096102226885275,0.18661039911067248
1970-01-01 00:00:00.000000015,0.0673076923076923,-0.19960264640884734,-0.5895581521397025,0.18661039911067306
1970-01-01 00:00:00.000000015,0.10576923076923075,-0.1499990216729471,-0.5584598850834437,0.1866103991106731
1970-01-01 00:00:00.000000015,0.11538461538461536,-0.10037093876072439,-0.4888587451132736,0.1866103991106731
1970-01-01 00:00:00.000000015,0.125,-0.0600163248666116,-0.39072623297494335,0.1866103991106731
1970-01-01 00:00:00.000000015,0.1346153846153846,-0.020069832637788734,-0.31074954521019593,0.1866103991106731
1970-01-01 00:00:00.000000015,0.1346153846153846,0.018130843646315675,-0.2495114877003483,0.1866103991106731
1970-01-01 00:00:00.000000015,0.18269230769230768,0.00960261108831194,-0.1760606226992081,0.1866103991106731
1970-01-01 00:00:00.000000015,0.1923076923076923,-0.008860344261893275,-0.1791253251782709,0.1866103991106731
1970-01-01 00:00:00.000000015,0.24038461538461536,0.001168093840569607,-0.160323157114106,0.1866103991106731
1970-01-01 00:00:00.000000015,0.25961538461538464,0.040398877957272684,-0.14959991690259034,0.1866103991106731
1970-01-01 00:00:00.000000015,0.24038461538461536,0.08960161100579295,-0.12887459925583292,0.1866103991106731
1970-01-01 00:00:00.000000015,0.23076923076923073,0.12884461919913695,-0.08001426300489868,0.1866103991106731
1970-01-01 00:00:00.000000015,0.24038461538461536,0.13920310737090413,-0.031510501876431604,0.1866103991106731
1970-01-01 00:00:00.000000015,0.25961538461538464,0.12963927981527393,-0.020769287658754687,0.1866103991106731
1970-01-01 00:00:00.000000015,0.25961538461538464,0.11105744764149171,-0.029260264909944992,0.1866103991106731
1970-01-01 00:00:00.000000015,0.25961538461538464,0.11891180650500223,-0.019257864909760055,0.1866103991106731
1970-01-01 00:00:00.000000015,0.24038461538461536,0.09956132799356844,0.00929791234642353,0.1866103991106731
1970-01-01 00:00:00.000000015,0.2019230769230769,0.06924404932134565,0.020301498263195418,0.1866103991106731
1970-01-01 00:00:00.000000015,0.1923076923076923,0.020028003682763695,0.038842540759852745,0.1866103991106731
1970-01-01 00:00:00.000000015,0.18269230769230768,-0.028487949886725893,0.028447102252828753,0.1866103991106731
1970-01-01 00:00:00.000000015,0.17307692307692304,-0.039202650624362775,-0.020770779933476414,0.1866103991106731
1970-01-01 00:00:00.000000015,0.16346153846153846,-0.029983616971069136,-0.08925816045669184,0.1866103991106731
1970-01-01 00:00:00.000000015,0.14423076923076922,-0.020355007594503847,-0.13919955239720316,0.1866103991106731
1970-01-01 00:00:00.000000015,0.09615384615384615,-0.019601588080534686,-0.16912975426779325,0.1866103991106731
1970-01-01 00:00:00.000000015,0.02884615384615384,-0.008887870579932627,-0.1773038128332145,0.1866103991106731
1970-01-01 00:00:00.000000015,-0.04807692307692307,0.02962908242235376,-0.11807319222899801,0.1866103991106731
1970-01-01 00:00:00.000000015,-0.15384615384615383,0.058873095983484246,-0.01067237734973206,0.1866103991106731
1970-01-01 00:00:00.000000015,-0.25,0.05994450913172089,0.07991900378623218,0.1866103991106731
1970-01-01 00:00:00.000000015,-0.3365384615384615,0.059628650572979905,0.16848547957800075,0.1866103991106731
1970-01-01 00:00:00.000000015,-0.4038461538461538,0.05002905633873671,0.21918894481978796,0.1866103991106731
1970-01-01 00:00:00.000000015,-0.4807692307692307,0.041155870572911264,0.24961603055627388,0.1866103991106731
1970-01-01 00:00:00.000000015,-0.5769230769230769,0.06117944912986755,0.27044388019960636,0.1866103991106731
1970-01-01 00:00:00.000000015,-0.673076923076923,0.11068925593351274,0.30236873483309734,0.1866103991106731
1970-01-01 00:00:00.000000015,-0.7884615384615383,0.1774304610749764,0.39351196029402163,0.1866103991106731
1970-01-01 00:00:00.000000015,-0.9134615384615383,0.17993319309085015,0.32245419310548606,0.1866103991106731
1970-01-01 00:00:00.000000015,-0.9134615384615383,0.18076575237797762,0.31275125355410166,0.1866103991106731
1970-01-01 00:00:00.000000015,-0.9134615384615383,0.2007421211145459,0.12182965285525889,0.1866103991106731
1970-01-01 00:00:00.000000015,-0.875,0.23927151771476152,-0.023350626462111716,0.1866103991106731
1970-01-01 00:00:00.000000015,-0.8269230769230769,0.25958885718401525,-0.25229656733227585,0.1866103991106731
1970-01-01 00:00:00.000000015,-0.8173076923076922,0.26962762625365055,-0.28865669150933504,0.1866103991106731
1970-01-01 00:00:00.000000015,-0.8173076923076922,0.270357051664549,-0.2914341034197715,0.1866103991106731
1970-01-01 00:00:00.000000015,-0.8173076923076922,0.28001276868917174,-0.33006410082449456,0.1866103991106731
1970-01-01 00:00:00.000000015,-0.8076923076923076,0.28998770294308723,-0.3702966188415804,0.1866103991106731
1970-01-01 00:00:00.000000015,-0.8076923076923076,0.2996552107741839,-0.4179446078981761,0.1866103991106731
1970-01-01 00:00:00.000000015,-0.7884615384615383,0.30070298795987765,-0.41420779440917493,0.1866103991106731
1970-01-01 00:00:00.000000015,-0.8365384615384615,0.31932546414251284,-0.2656658411495472,0.1866103991106731
1970-01-01 00:00:00.000000015,-0.8365384615384615,0.32108454388796914,-0.25876991662859977,0.1866103991106731
1970-01-01 00:00:00.000000015,-0.846153846153846,0.3499572208326536,-0.22112190782264696,0.1866103991106731
1970-01-01 00:00:00.000000015,-0.846153846153846,0.3777604185936788,-0.2115215945828677,0.1866103991106731
1970-01-01 00:00:00.000000015,-0.8269230769230769,0.34957408119667505,-0.23996114591478104,0.1866103991106731
1970-01-01 00:00:00.000000015,-0.8076923076923076,0.3107397737165484,-0.2674293451162207,0.1866103991106731
1970-01-01 00:00:00.000000015,-0.798076923076923,0.2903998091501315,-0.23063117222317725,0.1866103991106731
1970-01-01 00:00:00.000000015,-0.8076923076923076,0.2800550733370045,-0.20961230490956473,0.1866103991106731
1970-01-01 00:00:00.000000015,-0.8365384615384615,0.271087170948991,-0.17890106033507108,0.1866103991106731
1970-01-01 00:00:00.000000015,-0.8557692307692307,0.28929854228575186,-0.12071632413735472,0.1866103991106731
1970-01-01 00:00:00.000000016,-0.8942307692307692,0.28997347076630914,-0.08043969137350677,0.1866103991106731
1970-01-01 00:00:00.000000016,-0.9230769230769229,0.2899851684045948,-0.05115534294732816,0.1866103991106731
1970-01-01 00:00:00.000000016,-0.9326923076923076,0.2896260761577515,-0.05075456820435357,0.1866103991106731
1970-01-01 00:00:00.000000016,-0.9230769230769229,0.27991888785469493,-0.06921799857021815,0.1866103991106731
1970-01-01 00:00:00.000000016,-0.9134615384615383,0.26818389591901065,-0.0681313931915364,0.1866103991106731
1970-01-01 00:00:00.000000016,-0.9230769230769229,0.21104630195859178,-0.020329617601264484,0.1866103991106731
1970-01-01 00:00:00.000000016,-0.9230769230769229,0.18006625696296805,0.019231717957395537,0.1866103991106731
1970-01-01 00:00:00.000000016,-0.9615384615384615,0.1507426360415455,0.03958600245094373,0.1866103991106731
1970-01-01 00:00:00.000000016,-0.9615384615384615,0.13998491615876052,0.04959034821808499,0.1866103991106731
1970-01-01 00:00:00.000000016,-0.9519230769230769,0.12885010024498844,0.04935339943735097,0.1866103991106731
1970-01-01 00:00:00.000000016,-0.9230769230769229,0.08896779045592694,0.032951436590391084,0.1866103991106731
1970-01-01 00:00:00.000000016,-0.9182692307692306,0.023280242065039244,0.09033538850320831,0.1866103991106731
1970-01-01 00:00:00.000000016,-0.8942307692307692,-0.0854012546998673,0.1561040529962334,0.1866103991106731
1970-01-01 00:00:00.000000016,-0.8701923076923076,-0.07911411896145609,0.12447404239509345,0.1866103991106731
1970-01-01 00:00:00.000000016,-0.8557692307692307,-0.05067995725944721,0.07969509167128981,0.1866103991106731
1970-01-01 00:00:00.000000016,-0.8365384615384615,-0.03924472704361844,0.027293432729731195,0.1866103991106731
1970-01-01 00:00:00.000000016,-0.8221153846153845,-0.008927672918250664,-0.0927724079685476,0.1866103991106731
1970-01-01 00:00:00.000000016,-0.8076923076923076,0.048197558250850606,-0.15714844788051616,0.1866103991106731
1970-01-01 00:00:00.000000016,-0.798076923076923,0.06026174569121699,-0.15023568480538846,0.1866103991106731
1970-01-01 00:00:00.000000016,-0.8076923076923076,0.07886957541200827,-0.14921504186497242,0.18661039911067306
1970-01-01 00:00:00.000000016,-0.798076923076923,0.0692167904330064,-0.12857044554886687,0.1866103991106722
1970-01-01 00:00:00.000000016,-0.7596153846153846,0.039983766279164445,-0.07218698795443307,0.1866103991106492
1970-01-01 00:00:00.000000016,-0.721153846153846,0.010344899104433602,-0.07047822922082579,0.18661039911002894
1970-01-01 00:00:00.000000016,-0.6826923076923076,-0.01067149045945718,-0.0807252010078633,0.18661039909330498
1970-01-01 00:00:00.000000016,-0.625,-0.048475141509777456,-0.10910219799148312,0.18661039864237813
1970-01-01 00:00:00.000000016,-0.625,-0.04815733030453401,-0.11503414476218056,0.1866103864840776
1970-01-01 00:00:00.000000016,-0.5576923076923076,-0.0017727767126406212,-0.2468197105873921,0.18661005866089006
1970-01-01 00:00:00.000000016,-0.548076923076923,0.000292359063237245,-0.2990980410974063,0.18660121959312645
1970-01-01 00:00:00.000000016,-0.5288461538461539,0.009666471420046239,-0.32882739904257796,0.18636289258669697
1970-01-01 00:00:00.000000016,-0.5288461538461539,0.01070236927801117,-0.3292417330521982,0.1799369024808642
1970-01-01 00:00:00.000000016,-0.5192307692307693,0.029297499086255365,-0.31069939336677443,0.006673496629808891
1970-01-01 00:00:00.000000016,-0.5192307692307693,0.030330106050883744,-0.3096418878507127,0.00024750652397613005
1970-01-01 00:00:00.000000016,-0.5384615384615384,0.03961536428760576,-0.29963157860246964,9.179517546635967e-06
1970-01-01 00:00:00.000000016,-0.5288461538461539,0.03928472971447165,-0.28041073441596676,3.4044978304137143e-07
1970-01-01 00:00:00.000000016,-0.5288461538461539,0.021072338003128743,-0.2714582506286317,1.2626595481087473e-08
1970-01-01 00:00:00.000000016,-0.5096153846153846,0.02966839637000451,-0.2989620325570892,4.682949479913305e-10
1970-01-01 00:00:00.000000016,-0.5096153846153846,0.029974363986993033,-0.30051662841277593,1.736811467847191e-11
1970-01-01 00:00:00.000000016,-0.5096153846153846,0.029639431278807405,-0.31498693458786137,6.441483274129547e-13
1970-01-01 00:00:00.000000016,-0.5096153846153846,0.020290280540806938,-0.204130605459481,2.389016167789451e-14
1970-01-01 00:00:00.000000016,-0.5096153846153846,0.01819814332297996,-0.196539412818125,8.860378901986125e-16
1970-01-01 00:00:00.000000016,-0.5,-0.02894041082034807,-0.10243354062989367,3.286135746808384e-17
1970-01-01 00:00:00.000000016,-0.5,-0.04958923547237786,-0.06916618418900418,1.2187614396525761e-18
1970-01-01 00:00:00.000000016,-0.5,-0.059968946933853975,-0.015053432473219124,4.520140253568866e-20
1970-01-01 00:00:00.000000016,-0.46153846153846145,-0.0695723317416795,-0.08727649258791223,1.6764288110196484e-21
1970-01-01 00:00:00.000000016,-0.46153846153846145,-0.06848401009149208,-0.09141186740041099,6.217536184187635e-23
1970-01-01 00:00:00.000000016,-0.45192307692307687,-0.029495940728606156,-0.13084392722318464,2.3059587110155858e-24
1970-01-01 00:00:00.000000016,-0.46153846153846145,0.022093610419125793,-0.19137416762557347,8.552335554446647e-26
1970-01-01 00:00:00.000000016,-0.45192307692307687,0.1260234220450025,-0.286258598667299,3.171888685016361e-27
1970-01-01 00:00:00.000000016,-0.45192307692307687,0.1305387847959412,-0.28760799639150125,1.1763895097525503e-28
1970-01-01 00:00:00.000000016,-0.4423076923076923,0.14852376744540946,-0.22915730390323527,4.362991315531334e-30
1970-01-01 00:00:00.000000016,-0.46153846153846145,0.12960293623011426,-0.1496392089958513,1.618145440909781e-31
1970-01-01 00:00:00.000000016,-0.46153846153846145,0.10075551076767507,-0.061101338984750224,6.0013749250798975e-33
1970-01-01 00:00:00.000000016,-0.46153846153846145,0.09079585449711243,-9.694359240498916e-05,2.22578886179279e-34
1970-01-01 00:00:00.000000016,-0.4711538461538461,0.10073256065436055,0.0584838619898154,8.255001760642191e-36
1970-01-01 00:00:00.000000016,-0.4836538461538461,0.12898328317062224,0.07916121731742085,3.0616135806033873e-37
1970-01-01 00:00:00.000000016,-0.49038461538461536,0.1318160849524404,0.07886900558054763,1.1354906986968221e-38
1970-01-01 00:00:00.000000016,-0.49038461538461536,0.18005101054526876,0.0503019333573651,4.211305878036032e-40
1970-01-01 00:00:00.000000016,-0.4807692307692307,0.22956119976981626,0.029283195068310078,1.561888372906536e-41
1970-01-01 00:00:00.000000016,-0.45192307692307687,0.2681013832397702,-0.009655666512992996,5.792728811611019e-43
1970-01-01 00:00:00.000000016,-0.41346153846153844,0.2591761477039778,-0.0399861909191209,2.1484062284441145e-44
1970-01-01 00:00:00.000000016,-0.36538461538461536,0.22965460476762914,-0.06997148830327145,7.968005188100305e-46
1970-01-01 00:00:00.000000016,-0.3269230769230769,0.19149818102200847,-0.09924399326920827,2.955172342968503e-47
1970-01-01 00:00:00.000000016,-0.30769230769230765,0.19079628282659905,-0.10961632996535188,1.0960137914679341e-48
1970-01-01 00:00:00.000000016,-0.30769230769230765,0.210001455296166,-0.11039691579529262,4.064893994917563e-50
1970-01-01 00:00:00.000000016,-0.30769230769230765,0.2292430101698838,-0.12110039650754884,1.5075871598099568e-51
1970-01-01 00:00:00.000000016,-0.28846153846153844,0.2295598192906956,-0.1593137899085261,5.591336569331507e-53
1970-01-01 00:00:00.000000016,-0.28846153846153844,0.21887211067889728,-0.18037193102265553,2.0737139095483352e-54
1970-01-01 00:00:00.000000016,-0.2692307692307692,0.17998716903953077,-0.2107283477031738,7.690986449002794e-56
1970-01-01 00:00:00.000000016,-0.22115384615384615,0.14078145338843415,-0.2592934569630378,2.8524316824218035e-57
1970-01-01 00:00:00.000000016,-0.2019230769230769,0.12111207244819049,-0.29019499029884754,1.0579093536094635e-58
1970-01-01 00:00:00.000000016,-0.18269230769230768,0.129244502712709,-0.325971281105847,3.923572323752139e-60
1970-01-01 00:00:00.000000016,-0.15384615384615383,0.11848950079495241,-0.2610295995590203,1.4551738036146273e-61
1970-01-01 00:00:00.000000016,-0.1346153846153846,0.06997201875100602,-0.22182790698769944,5.396946007360073e-63
1970-01-01 00:00:00.000000016,-0.11538461538461536,0.020755005482210077,-0.22832388910886428,2.0016183725963705e-64
1970-01-01 00:00:00.000000016,-0.11538461538461536,-0.009586870731333992,-0.19291709895163622,7.423598650146832e-66
1970-01-01 00:00:00.000000016,-0.09615384615384615,-0.029600515228227806,-0.230437782585314,2.7532629432740864e-67
1970-01-01 00:00:00.000000016,-0.07692307692307691,-0.03962704043081678,-0.2789030308518414,1.0211296693223517e-68
1970-01-01 00:00:00.000000016,-0.05769230769230768,-0.04032957640382526,-0.299944050414403,3.7871638962693e-70
1970-01-01 00:00:00.000000016,-0.03846153846153846,-0.04927152247246514,-0.31958633033703926,1.4045826703599513e-71
1970-01-01 00:00:00.000000016,-0.02884615384615384,-0.04000153035273342,-0.3288868686856572,5.2093137025808025e-73
1970-01-01 00:00:00.000000016,0.0,-0.03076979705133712,-0.31035912417570494,1.932029336866426e-74
1970-01-01 00:00:00.000000016,0.009615384615384614,-0.04078299003336887,-0.3008094840583766,7.165506958552421e-76
1970-01-01 00:00:00.000000016,0.02884615384615384,-0.07037093384962242,-0.3114969454004633,2.657541942729466e-77
1970-01-01 00:00:00.000000016,0.05769230769230768,-0.10923222390643651,-0.35960804175413236,9.856286817134105e-79
1970-01-01 00:00:00.000000016,0.05769230769230768,-0.12889911162416323,-0.3979201819611105,3.6554978967457416e-80
1970-01-01 00:00:00.000000016,0.0673076923076923,-0.12104378994597036,-0.38423687119585104,1.3557504079409474e-81
1970-01-01 00:00:00.000000016,0.14423076923076922,-0.1392832169170366,-0.4764753403268673,5.028204694819686e-83
1970-01-01 00:00:00.000000016,0.14423076923076922,-0.13960306681401802,-0.4805973176295654,1.8648596603710575e-84
1970-01-01 00:00:00.000000016,0.18269230769230768,-0.12999958706144946,-0.4996522356714005,6.916388182171974e-86
1970-01-01 00:00:00.000000016,0.1923076923076923,-0.12038578384511707,-0.5100130454982479,2.565148815378957e-87
1970-01-01 00:00:00.000000016,0.23076923076923073,-0.12041657675671179,-0.5206999927812924,9.513619351211335e-89
1970-01-01 00:00:00.000000016,0.25,-0.13086178858610129,-0.5488867595966457,3.528409448103359e-90
1970-01-01 00:00:00.000000016,0.2692307692307692,-0.16285171506802254,-0.5492425163281407,1.3086158667762872e-91
1970-01-01 00:00:00.000000016,0.3173076923076923,-0.26613451825050743,-0.5306611812631518,4.8533921926185965e-93
1970-01-01 00:00:00.000000017,0.3173076923076923,-0.27278027769567825,-0.528609377776955,1.8000252307347293e-94
1970-01-01 00:00:00.000000017,0.3557692307692307,-0.34893297953280517,-0.49179201871463324,6.675930365177137e-96
1970-01-01 00:00:00.000000017,0.3846153846153846,-0.3984101696900619,-0.49977512751814257,2.4759678631005874e-97
1970-01-01 00:00:00.000000017,0.39423076923076916,-0.4081416020988651,-0.5021364242752164,9.182865194466772e-99
1970-01-01 00:00:00.000000017,0.4423076923076923,-0.37141308697929526,-0.5579083279127005,3.4057394054441117e-100
1970-01-01 00:00:00.000000017,0.4423076923076923,-0.37001174634210654,-0.5613884293676947,1.2631200232345718e-101
1970-01-01 00:00:00.000000017,0.45192307692307687,-0.36890406425758193,-0.5995792650150563,4.684657289238657e-103
1970-01-01 00:00:00.000000017,0.45192307692307687,-0.34039798861260695,-0.6272517260388252,1.7374448598651705e-104
1970-01-01 00:00:00.000000017,0.45192307692307687,-0.3218416282828039,-0.5862173380332234,6.443832397316093e-106
1970-01-01 00:00:00.000000017,0.4711538461538461,-0.3493259750230973,-0.45061640085820953,2.3898874101778862e-107
1970-01-01 00:00:00.000000017,0.46153846153846145,-0.3599596973408251,-0.33042548513843323,8.863610164202393e-109
1970-01-01 00:00:00.000000017,0.46153846153846145,-0.36958585317918163,-0.2208716978794875,3.2873341567628143e-110
1970-01-01 00:00:00.000000017,0.4711538461538461,-0.36885833849707944,-0.1331103576077287,1.219205905722724e-111
1970-01-01 00:00:00.000000017,0.4711538461538461,-0.33958928624196305,-0.12310795752918809,4.5217886885370636e-113
1970-01-01 00:00:00.000000017,0.4807692307692307,-0.30005239003592155,-0.1908044956803497,1.6770401822866347e-114
1970-01-01 00:00:00.000000017,0.5096153846153846,-0.2618252447279189,-0.278613425840254,6.219803636852163e-116
1970-01-01 00:00:00.000000017,0.5673076923076922,-0.2692292176178889,-0.3317580020065077,2.3067996634553754e-117
1970-01-01 00:00:00.000000017,0.5961538461538461,-0.2573636309550808,-0.4288526283354523,8.555454477355393e-119
1970-01-01 00:00:00.000000017,0.6057692307692307,-0.17958881816929154,-0.497262963050705,3.173045430588448e-120
1970-01-01 00:00:00.000000017,0.6538461538461539,-0.09153445961579078,-0.4972473740335822,1.1768185233440092e-121
1970-01-01 00:00:00.000000017,0.6923076923076922,-0.041841591457059575,-0.4284161358560154,4.364582440374132e-123
1970-01-01 00:00:00.000000017,0.6923076923076922,-0.03818850972481781,-0.3199882940788338,1.618735557007679e-124
1970-01-01 00:00:00.000000017,0.7019230769230769,0.010751828886978766,-0.21126780427249714,6.00356354661124e-126
1970-01-01 00:00:00.000000017,0.7884615384615383,0.07848788967324441,-0.13424242127858943,2.226600577355962e-127
1970-01-01 00:00:00.000000017,0.9134615384615383,0.10842119229061996,-0.16327757024941744,8.258012249875066e-129
1970-01-01 00:00:00.000000017,1.0480769230769231,0.09888430217349438,-0.2742519754556817,3.0627301103131124e-130
1970-01-01 00:00:00.000000017,1.2307692307692306,0.0614549663937282,-0.4915257670539873,1.1359047970364198e-131
1970-01-01 00:00:00.000000017,1.2307692307692306,0.060399790457167125,-0.4969437350019751,4.212841685223661e-133
1970-01-01 00:00:00.000000017,1.173076923076923,0.06933937594978438,-0.4259550779993395,1.5624579739696853e-134
1970-01-01 00:00:00.000000017,1.1057692307692306,0.06176336018701134,-0.25384337098019105,5.7948444944971915e-136
1970-01-01 00:00:00.000000017,1.0192307692307692,0.09827134909952184,0.07218406153418128,2.1500395445568866e-137
1970-01-01 00:00:00.000000017,0.9519230769230769,0.09156306550007824,0.452813032403085,1.026227580641558e-138
1970-01-01 00:00:00.000000017,0.8365384615384615,-0.12606858059740958,1.1537678133491152,6.207749231753258e-138
1970-01-01 00:00:00.000000017,0.7788461538461539,-0.2454147416301363,1.4489179280230267,1.6658300167669653e-136
1970-01-01 00:00:00.000000017,0.7788461538461539,-0.25012944341627114,1.4670162432726006,4.491533296039056e-135
1970-01-01 00:00:00.000000017,0.6826923076923076,-0.2580802306091847,1.660520640337194,1.2110481599137792e-133
1970-01-01 00:00:00.000000017,0.6346153846153846,-0.21803678303171567,1.617041045831638,3.265338498471167e-132
1970-01-01 00:00:00.000000017,0.5384615384615384,-0.12891291124713833,1.4995875971170283,8.804303464273019e-131
1970-01-01 00:00:00.000000017,0.5096153846153846,-0.012611820641019051,1.371824076328122,2.3738965968552458e-129
1970-01-01 00:00:00.000000017,0.5,0.03839375393962371,1.2896624637422587,6.400716508044895e-128
1970-01-01 00:00:00.000000017,0.49038461538461536,0.04924317701085922,1.1990624447128662,1.7258195605752675e-126
1970-01-01 00:00:00.000000017,0.4807692307692307,0.04117202535357523,1.0850235435051303,4.653312097045181e-125
1970-01-01 00:00:00.000000017,0.485576923076923,0.062401507535672016,0.8465732299256481,1.2546684466416245e-123
1970-01-01 00:00:00.000000017,0.4375,0.1436686781095691,0.5224536644873686,3.3829514938353437e-122
1970-01-01 00:00:00.000000017,0.3846153846153846,0.1916528014226942,0.25967571123330624,9.121422348889019e-121
1970-01-01 00:00:00.000000017,0.3846153846153846,0.15595696030317435,0.11379053881189964,2.4594010827062014e-119
1970-01-01 00:00:00.000000017,0.4471153846153846,0.01918512676301338,0.0626688366879848,6.63126150095786e-118
1970-01-01 00:00:00.000000017,0.548076923076923,-0.13795853770181318,0.07826805176368999,1.787981204175917e-116
1970-01-01 00:00:00.000000017,0.6057692307692307,-0.24406564471196868,0.050568560931644864,4.820917989774022e-115
1970-01-01 00:00:00.000000017,0.6442307692307692,-0.32681386952134067,0.03708309339072135,1.2998598760348108e-113
1970-01-01 00:00:00.000000017,0.6346153846153846,-0.32990883236423013,-0.0493250393821684,3.5048007473042176e-112
1970-01-01 00:00:00.000000017,0.6346153846153846,-0.33072460431287254,-0.11885915670926811,9.449963418961046e-111
1970-01-01 00:00:00.000000017,0.6538461538461539,-0.3496554840833281,-0.15987219176807063,2.54798532237218e-109
1970-01-01 00:00:00.000000017,0.6634615384615383,-0.3599734659369867,-0.19769002102863895,6.87011040698593e-108
1970-01-01 00:00:00.000000017,0.673076923076923,-0.3696280962153132,-0.17775837600518096,1.85238182456383e-106
1970-01-01 00:00:00.000000017,0.6538461538461539,-0.36998513187646903,-0.10178613111124707,4.994560815915359e-105
1970-01-01 00:00:00.000000017,0.6057692307692307,-0.3699704644493514,-0.07046716399848969,1.346679038472584e-103
1970-01-01 00:00:00.000000017,0.5576923076923076,-0.3692174082560182,-0.050827296847974705,3.631038843060064e-102
1970-01-01 00:00:00.000000017,0.5384615384615384,-0.3488995584631392,-0.051869850896827135,9.790338085877454e-101
1970-01-01 00:00:00.000000017,0.5288461538461539,-0.3010706702487417,-0.09965867736635793,2.6397602443438543e-99
1970-01-01 00:00:00.000000017,0.5192307692307693,-0.2800085382528868,-0.138914437994837,7.117562321642534e-98
1970-01-01 00:00:00.000000017,0.5192307692307693,-0.2591598625792014,-0.15103114849424054,1.919102066599142e-96
1970-01-01 00:00:00.000000017,0.5,-0.2173077513855515,-0.1889265713496577,5.174458017496045e-95
1970-01-01 00:00:00.000000017,0.46153846153846145,-0.10814942483068853,-0.19998627794651774,1.395184562657334e-93
1970-01-01 00:00:00.000000017,0.38653846153846155,0.047273280956961095,-0.2107029332063212,3.7618238611573085e-92
1970-01-01 00:00:00.000000017,0.3461538461538461,0.05952801066863792,-0.23899291862415425,1.0142972579498166e-90
1970-01-01 00:00:00.000000017,0.3461538461538461,0.05998300709626278,-0.2421058696458444,2.7348407726033495e-89
1970-01-01 00:00:00.000000017,0.375,0.0600131809304572,-0.2978655618136445,7.373927113449551e-88
1970-01-01 00:00:00.000000017,0.375,0.060372878026081656,-0.30026429932255594,1.988225479858777e-86
1970-01-01 00:00:00.000000017,0.3846153846153846,0.07005452577374757,-0.3092705198953667,5.360834868505252e-85
1970-01-01 00:00:00.000000017,0.375,0.08109931786510263,-0.30003973785234483,1.4454371890165604e-83
1970-01-01 00:00:00.000000017,0.375,0.11962705658402321,-0.2918024021179431,3.897319575476211e-82
1970-01-01 00:00:00.000000017,0.4038461538461538,0.1488312099035245,-0.32862511933212046,1.050830848189561e-80
1970-01-01 00:00:00.000000017,0.4038461538461538,0.148815610811138,-0.3310758198493081,2.8333459705363406e-79
1970-01-01 00:00:00.000000017,0.423076923076923,0.11919028199720189,-0.3604220165991984,7.63952581196623e-78
1970-01-01 00:00:00.000000017,0.5096153846153846,0.0693220031133131,-0.4003186283290503,2.0598386232603472e-76
1970-01-01 00:00:00.000000017,0.548076923076923,0.0025038020622513537,-0.4481809482851595,5.553924756990975e-75
1970-01-01 00:00:00.000000017,0.548076923076923,-0.0017193474325266002,-0.4505669753702554,1.497499845764304e-73
1970-01-01 00:00:00.000000017,0.673076923076923,-0.048926182740469594,-0.46712738671173576,4.037695658806633e-72
1970-01-01 00:00:00.000000017,0.6923076923076922,-0.0692875865601523,-0.411872465846611,1.0886803280320273e-70
1970-01-01 00:00:00.000000017,0.6923076923076922,-0.07183865438364201,-0.40342919114676196,2.9353991900276695e-69
1970-01-01 00:00:00.000000017,0.6923076923076922,-0.12035608179818194,-0.23071569511596282,7.914691009794393e-68
1970-01-01 00:00:00.000000017,0.673076923076923,-0.17777555416727076,-0.07589457698423413,2.13403117345446e-66
1970-01-01 00:00:00.000000017,0.673076923076923,-0.17958388071812847,-0.06843788345835855,5.753969477317251e-65
1970-01-01 00:00:00.000000017,0.6923076923076922,-0.17098922522219825,-0.02192827639144685,1.5514377277022044e-63
1970-01-01 00:00:00.000000017,0.721153846153846,-0.18712520028122415,-0.023625579110706344,4.183127895318638e-62
1970-01-01 00:00:00.000000017,0.7692307692307692,-0.13139118237085345,-0.11596235959762449,1.1278930940083307e-60
1970-01-01 00:00:00.000000017,0.7788461538461539,-0.11043672373181926,-0.1073581300251548,3.0411282259271767e-59
1970-01-01 00:00:00.000000017,0.7788461538461539,-0.10040035838826672,-0.03270715108155519,8.1997672790633e-58
1970-01-01 00:00:00.000000017,0.7788461538461539,-0.10037295275138187,-0.025734949176835425,2.2108960371211653e-56
1970-01-01 00:00:00.000000017,0.7403846153846153,-0.10966936589904383,0.08786352330699877,5.961219532948087e-55
1970-01-01 00:00:00.000000017,0.7115384615384615,-0.11069992652280171,0.14805007846580226,1.6073183778588634e-53
1970-01-01 00:00:00.000000018,0.7019230769230769,-0.1292286502166022,0.1594885952696621,4.333798400685986e-52
1970-01-01 00:00:00.000000018,0.7019230769230769,-0.12847362932545722,0.15814199381507457,1.1685182498073582e-50
1970-01-01 00:00:00.000000018,0.6923076923076922,-0.08955934157074258,0.11034523773735094,3.150665476079183e-49
1970-01-01 00:00:00.000000018,0.6923076923076922,-0.03962859308459283,0.07117942509340108,8.495111602915727e-48
1970-01-01 00:00:00.000000018,0.673076923076923,0.019587328286736202,0.06149923978447805,2.2905294673111687e-46
1970-01-01 00:00:00.000000018,0.6346153846153846,0.0684864568264703,0.08930004908750622,6.175934450137244e-45
1970-01-01 00:00:00.000000018,0.6346153846153846,0.07954700602796172,0.09960208557818997,1.665211772069746e-43
1970-01-01 00:00:00.000000018,0.6346153846153846,0.0792827059284962,0.09995626152362276,4.48989585013818e-42
1970-01-01 00:00:00.000000018,0.6538461538461539,0.06108605404143546,0.09921697555962451,1.2106066677652397e-40
1970-01-01 00:00:00.000000018,0.6634615384615383,0.0700407531902614,0.07890207858623914,3.264148107116011e-39
1970-01-01 00:00:00.000000018,0.6538461538461539,0.08001428209562218,0.031139146268832234,8.801093822535584e-38
1970-01-01 00:00:00.000000018,0.6442307692307692,0.09034486339153754,0.011854870672231257,2.3730311839774932e-36
1970-01-01 00:00:00.000000018,0.6057692307692307,0.1092970294758913,0.038942361881411744,6.3983831029167e-35
1970-01-01 00:00:00.000000018,0.6057692307692307,0.11067493245752764,0.039588900125885874,1.725190406603533e-33
1970-01-01 00:00:00.000000018,0.6057692307692307,0.12892614687735499,0.029957941517506782,4.651615714726625e-32
1970-01-01 00:00:00.000000018,0.5865384615384615,0.12033103323105701,0.019275520846797355,1.2542110525695862e-30
1970-01-01 00:00:00.000000018,0.5865384615384615,0.12001175036118457,-0.009518878653978284,3.3817182262231586e-29
1970-01-01 00:00:00.000000018,0.5769230769230769,0.11998622652092626,-0.02628524450421098,9.11809710027684e-28
1970-01-01 00:00:00.000000018,0.548076923076923,0.1196163657038245,0.04981727704028189,2.4585044988485254e-26
1970-01-01 00:00:00.000000018,0.5096153846153846,0.10965564748233528,0.12135172459182184,6.628844049790746e-25
1970-01-01 00:00:00.000000018,0.46153846153846145,0.09108611631922807,0.2266792869389083,1.7873293889446543e-23
1970-01-01 00:00:00.000000018,0.43269230769230765,0.09966949313682286,0.2489890227587022,4.8191605061007795e-22
1970-01-01 00:00:00.000000018,0.43269230769230765,0.09999019837498901,0.246024327546051,1.2993860072582669e-20
1970-01-01 00:00:00.000000018,0.41346153846153844,0.10006586298788007,0.14366782098467515,3.503523059091222e-19
1970-01-01 00:00:00.000000018,0.41346153846153844,0.1017881022977729,0.13300683904017763,9.446518399473724e-18
1970-01-01 00:00:00.000000018,0.41346153846153844,0.14821289905198792,-0.052483166899880015,2.547056444798816e-16
1970-01-01 00:00:00.000000018,0.3846153846153846,0.14996017210590126,-0.05005234533693752,6.867605882557335e-15
1970-01-01 00:00:00.000000018,0.3846153846153846,0.15071174780734561,-0.04893015719743298,1.851706531845683e-13
1970-01-01 00:00:00.000000018,0.3173076923076923,0.16925701869243048,-0.021061898993752857,4.99274003010079e-12
1970-01-01 00:00:00.000000018,0.3173076923076923,0.16922775688827693,-0.019741115633894156,1.3461881015953687e-10
1970-01-01 00:00:00.000000018,0.3173076923076923,0.14989241729104658,-0.011948223121389363,3.6297151342773974e-09
1970-01-01 00:00:00.000000018,0.3365384615384615,0.12786750996998023,-0.0528609086436187,9.786768981533026e-08
1970-01-01 00:00:00.000000018,0.375,0.052530351898419606,-0.16529631025631553,2.6387979098796416e-06
1970-01-01 00:00:00.000000018,0.3846153846153846,0.040451991287348985,-0.16013946827689982,7.114967587693505e-05
1970-01-01 00:00:00.000000018,0.3846153846153846,0.03967341286000291,-0.15846933321997894,0.001918402450767368
1970-01-01 00:00:00.000000018,0.3557692307692307,0.0307301559327295,-0.11853252866253089,0.05172571649484203
1970-01-01 00:00:00.000000018,0.30769230769230765,0.040040797323693665,-0.041908940668355314,0.053572969269732464
1970-01-01 00:00:00.000000018,0.2692307692307692,0.05037137180699952,-0.013008869383062845,0.05364148014769952
1970-01-01 00:00:00.000000018,0.2115384615384615,0.06998624146529321,-0.05933053267434145,0.05364402107791958
1970-01-01 00:00:00.000000018,0.1923076923076923,0.08925714775591712,-0.08891551282415636,0.05364411531589427
1970-01-01 00:00:00.000000018,0.1923076923076923,0.08995674794446896,-0.09138831357788009,0.05364411881099059
1970-01-01 00:00:00.000000018,0.16346153846153846,0.08957504674474512,-0.1285689537786065,0.05364411894061666
1970-01-01 00:00:00.000000018,0.15384615384615383,0.0785695141636491,-0.12997343844449513,0.05364411894542423
1970-01-01 00:00:00.000000018,0.14423076923076922,0.03180183567378073,-0.13071388422276192,0.05364411894560254
1970-01-01 00:00:00.000000018,0.10576923076923075,0.030080049028430637,-0.14930143557007725,0.053644118945609144
1970-01-01 00:00:00.000000018,0.10576923076923075,0.030359488093846497,-0.1504248761693239,0.053644118945609394
1970-01-01 00:00:00.000000018,0.09615384615384615,0.03962612950542474,-0.16217022100166786,0.0536441189456094
1970-01-01 00:00:00.000000018,0.0673076923076923,0.03954600855262151,-0.22817109087570828,0.0536441189456094
1970-01-01 00:00:00.000000018,0.07692307692307691,0.028116101415355966,-0.24844923264245553,0.0536441189456094
1970-01-01 00:00:00.000000018,0.0673076923076923,-0.03041127033801039,-0.22995819047059088,0.0536441189456094
1970-01-01 00:00:00.000000018,0.0673076923076923,-0.09922040054163643,-0.2104219100634978,0.0536441189456094
1970-01-01 00:00:00.000000018,0.05769230769230768,-0.14853954428617278,-0.20143338124385077,0.0536441189456094
1970-01-01 00:00:00.000000018,0.05769230769230768,-0.1613472951850289,-0.22827938352047222,0.0536441189456094
1970-01-01 00:00:00.000000018,0.03846153846153846,-0.20783742570960811,-0.21210997380889957,0.0536441189456094
1970-01-01 00:00:00.000000018,0.01923076923076923,-0.20026319897439002,-0.24868990931981666,0.0536441189456094
1970-01-01 00:00:00.000000018,0.01923076923076923,-0.19926894659892155,-0.25251757782615025,0.0536441189456094
1970-01-01 00:00:00.000000018,0.0,-0.1799983591964918,-0.3192846919862404,0.0536441189456094
1970-01-01 00:00:00.000000018,-0.01923076923076923,-0.1606867517063567,-0.36816910580233936,0.0536441189456094
1970-01-01 00:00:00.000000018,-0.01923076923076923,-0.15854393687513976,-0.37128116467692257,0.0536441189456094
1970-01-01 00:00:00.000000018,-0.02884615384615384,-0.11999954392241709,-0.40642234047456904,0.0536441189456094
1970-01-01 00:00:00.000000018,-0.08653846153846152,-0.08144374903012146,-0.3521220281364414,0.0536441189456094
1970-01-01 00:00:00.000000018,-0.08653846153846152,-0.07898167989086217,-0.3508724192093486,0.0536441189456094
1970-01-01 00:00:00.000000018,-0.10576923076923075,-0.051061608023157255,-0.3714332905159701,0.0536441189456094
1970-01-01 00:00:00.000000018,-0.125,-0.049681736734383725,-0.42782642472184484,0.0536441189456094
1970-01-01 00:00:00.000000018,-0.14423076923076922,-0.040345283805203164,-0.4298801769738397,0.0536441189456094
1970-01-01 00:00:00.000000018,-0.14423076923076922,-0.039640926006101834,-0.42893835357182736,0.0536441189456094
1970-01-01 00:00:00.000000018,-0.16346153846153846,-0.029959718359546424,-0.4014553694654992,0.0536441189456094
1970-01-01 00:00:00.000000018,-0.15384615384615383,-0.01927146970165169,-0.41035662199665013,0.0536441189456094
1970-01-01 00:00:00.000000018,-0.17307692307692304,0.009630036414950761,-0.42817342444405576,0.0536441189456094
1970-01-01 00:00:00.000000018,-0.18269230769230768,0.029282452905322106,-0.40032583799285604,0.0536441189456094
1970-01-01 00:00:00.000000018,-0.22788461538461535,0.0309961920287461,-0.3806242013630567,0.0536441189456094
1970-01-01 00:00:00.000000018,-0.22115384615384615,0.05761473187082267,-0.37652759880967385,0.0536441189456094
1970-01-01 00:00:00.000000018,-0.23557692307692304,0.024601568483466087,-0.2856209664981372,0.0536441189456094
1970-01-01 00:00:00.000000018,-0.2692307692307692,-0.018372382817238315,-0.21023849664003147,0.0536441189456094
1970-01-01 00:00:00.000000018,-0.2788461538461538,-0.020655904548900445,-0.1408184427827134,0.0536441189456094
1970-01-01 00:00:00.000000018,-0.28846153846153844,-0.039337040003073746,-0.09185945849322974,0.0536441189456094
1970-01-01 00:00:00.000000018,-0.28846153846153844,-0.04144417553409065,-0.08938693653448984,0.0536441189456094
1970-01-01 00:00:00.000000018,-0.30769230769230765,-0.07965569941737395,-0.07158782793799617,0.0536441189456094
1970-01-01 00:00:00.000000018,-0.31634615384615383,-0.1092597087350062,-0.09348441779140668,0.0536441189456094
1970-01-01 00:00:00.000000018,-0.3269230769230769,-0.12035643642779345,-0.0774914524299843,0.0536441189456094
1970-01-01 00:00:00.000000018,-0.3461538461538461,-0.14036407481541685,0.001215202181830785,0.0536441189456094
1970-01-01 00:00:00.000000018,-0.41346153846153844,-0.16947358358846135,0.11030191133941537,0.0536441189456094
1970-01-01 00:00:00.000000018,-0.46153846153846145,-0.18542268207303872,0.22693640398238438,0.0536441189456094
1970-01-01 00:00:00.000000018,-0.5192307692307693,-0.2119388323835839,0.2669809961849628,0.0536441189456094
1970-01-01 00:00:00.000000018,-0.6346153846153846,-0.1619257922837269,0.356550493011611,0.0536441189456094
1970-01-01 00:00:00.000000018,-0.6346153846153846,-0.1600575592770421,0.3598823151285355,0.0536441189456094
1970-01-01 00:00:00.000000018,-0.6923076923076922,-0.15962830819640988,0.3602720154588491,0.0536441189456094
1970-01-01 00:00:00.000000018,-0.75,-0.14990676202602482,0.36746210226039144,0.0536441189456094
1970-01-01 00:00:00.000000018,-0.7788461538461539,-0.13785426650626026,0.3112047455717209,0.0536441189456094
1970-01-01 00:00:00.000000018,-0.7596153846153846,-0.07215843364300185,0.03506602817607186,0.0536441189456094
1970-01-01 00:00:00.000000018,-0.7596153846153846,-0.0604234418547896,-0.11442198481777924,0.0536441189456094
1970-01-01 00:00:00.000000018,-0.7596153846153846,-0.05927449643631741,-0.1244596182561109,0.0536441189456094
1970-01-01 00:00:00.000000018,-0.7692307692307692,-0.03998796192578063,-0.2459877080972153,0.0536441189456094
1970-01-01 00:00:00.000000018,-0.7788461538461539,-0.02040047555975958,-0.26720850036870264,0.0536441189456094
1970-01-01 00:00:00.000000018,-0.8076923076923076,-0.010824878187728083,-0.21864180185775592,0.0536441189456094
1970-01-01 00:00:00.000000019,-0.8365384615384615,-0.021871235508898697,-0.13612014979070702,0.0536441189456094
1970-01-01 00:00:00.000000019,-0.9038461538461537,-0.07969848055253669,0.043397757508665924,0.0536441189456094
1970-01-01 00:00:00.000000019,-0.8942307692307692,-0.1299877394095918,0.057859602524686866,0.0536441189456094
1970-01-01 00:00:00.000000019,-0.846153846153846,-0.17997048350644143,0.01881151065787941,0.0536441189456094
1970-01-01 00:00:00.000000019,-0.798076923076923,-0.22921531526432656,-0.04994881476194285,0.0536441189456094
1970-01-01 00:00:00.000000019,-0.798076923076923,-0.2588430286303751,-0.11742950923033624,0.0536441189456094
1970-01-01 00:00:00.000000019,-0.798076923076923,-0.25954645775580143,-0.12064793445713531,0.0536441189456094
1970-01-01 00:00:00.000000019,-0.7884615384615383,-0.24891133077626393,-0.14006472111231766,0.0536441189456094
1970-01-01 00:00:00.000000019,-0.8173076923076922,-0.2110594732033244,-0.16109953557544046,0.0536441189456094
1970-01-01 00:00:00.000000019,-0.798076923076923,-0.19969444571349554,-0.20962273942457427,0.0536441189456094
1970-01-01 00:00:00.000000019,-0.7019230769230769,-0.18069056106105474,-0.24871442888806464,0.0536441189456094
1970-01-01 00:00:00.000000019,-0.7019230769230769,-0.17895070293498297,-0.25566684055317085,0.0536441189456094
1970-01-01 00:00:00.000000019,-0.6538461538461539,-0.1509784181834855,-0.4042902660475478,0.0536441189456094
1970-01-01 00:00:00.000000019,-0.6538461538461539,-0.14746658801912602,-0.4101703427306199,0.0536441189456094
1970-01-01 00:00:00.000000019,-0.5961538461538461,-0.08061945833291678,-0.42030898767919167,0.0536441189456094
1970-01-01 00:00:00.000000019,-0.625,-0.02925878696962702,-0.4381723246075562,0.0536441189456094
1970-01-01 00:00:00.000000019,-0.6057692307692307,0.04063221015298725,-0.410343776724825,0.0536441189456094
1970-01-01 00:00:00.000000019,-0.5769230769230769,0.12632846110028256,-0.39110964696271916,0.0536441189456094
1970-01-01 00:00:00.000000019,-0.5,0.12023623955464122,-0.39961669126859145,0.0536441189456094
1970-01-01 00:00:00.000000019,-0.5,0.12005000687503044,-0.39854101728924873,0.0536441189456094
1970-01-01 00:00:00.000000019,-0.45192307692307687,0.12111394607118064,-0.3609907755411239,0.0536441189456094
1970-01-01 00:00:00.000000019,-0.39423076923076916,0.15002653704684712,-0.34820992232109604,0.0536441189456094
1970-01-01 00:00:00.000000019,-0.3846153846153846,0.17960255419369228,-0.2906771271284708,0.0536441189456094
1970-01-01 00:00:00.000000019,-0.3846153846153846,0.19924242618284466,-0.25007251014761717,0.0536441189456094
1970-01-01 00:00:00.000000019,-0.3846153846153846,0.19994295274311316,-0.21128064685719297,0.053644118945609394
1970-01-01 00:00:00.000000019,-0.3846153846153846,0.19921729788121045,-0.20450495499659305,0.053644118945609144
1970-01-01 00:00:00.000000019,-0.375,0.1789240900495685,-0.06035313805081953,0.05364411894560253
1970-01-01 00:00:00.000000019,-0.3846153846153846,0.13173313345713858,0.07497022762446535,0.05364411894542423
1970-01-01 00:00:00.000000019,-0.3846153846153846,0.12787051329317306,0.08454928391138382,0.05364411894061666
1970-01-01 00:00:00.000000019,-0.423076923076923,0.07077072545853418,0.2078604379828979,0.05364411881099059
1970-01-01 00:00:00.000000019,-0.46153846153846145,0.03293907408724983,0.27768254162685985,0.05364411531589427
1970-01-01 00:00:00.000000019,-0.5230769230769231,0.06858427489721128,0.2895681859423171,0.05364402107791959
1970-01-01 00:00:00.000000019,-0.5288461538461539,0.06883634813745453,0.29065847881570145,0.053641480147699525
1970-01-01 00:00:00.000000019,-0.5865384615384615,0.03999712481406101,0.3082107420816222,0.053572969269732464
1970-01-01 00:00:00.000000019,-0.6153846153846153,0.011086021842192716,0.2810315573880979,0.05172571649484203
1970-01-01 00:00:00.000000019,-0.6153846153846153,0.009325464925142291,0.2796413073970201,0.0019184024507673697
1970-01-01 00:00:00.000000019,-0.625,-0.009298468863350876,0.2692837423314435,7.114967587693502e-05
1970-01-01 00:00:00.000000019,-0.6538461538461539,-0.010384124235615931,0.24101973555195338,2.6387979098796407e-06
1970-01-01 00:00:00.000000019,-0.7403846153846153,-0.021072885498279258,0.2382491175712978,9.786768981533009e-08
1970-01-01 00:00:00.000000019,-0.75,-0.058583784217924074,0.19170643887308794,3.629715134277392e-09
1970-01-01 00:00:00.000000019,-0.75,-0.06068928838567088,0.18782473200207658,1.3461881015953674e-10
1970-01-01 00:00:00.000000019,-0.7788461538461539,-0.0800270021951896,0.12956132518297933,4.992740030100788e-12
1970-01-01 00:00:00.000000019,-0.7884615384615383,-0.10003977088444833,0.060331047938365134,1.8517065318456786e-13
1970-01-01 00:00:00.000000019,-0.8076923076923076,-0.12104681168491503,-0.0006230308471204698,6.867605882557325e-15
1970-01-01 00:00:00.000000019,-0.8269230769230769,-0.16822414460825752,-0.07715288081061783,2.54705644479881e-16
1970-01-01 00:00:00.000000019,-0.8269230769230769,-0.17100509273803718,-0.0825047510395608,9.446518399473688e-18
1970-01-01 00:00:00.000000019,-0.8557692307692307,-0.1989133593187458,-0.150475397257524,3.503523059091207e-19
1970-01-01 00:00:00.000000019,-0.846153846153846,-0.19965560886809933,-0.23033097491358726,1.2993860072582607e-20
1970-01-01 00:00:00.000000019,-0.8269230769230769,-0.1917880801199364,-0.31846092540933174,4.819160506100752e-22
1970-01-01 00:00:00.000000019,-0.8269230769230769,-0.22862255437018317,-0.36811401113836906,1.787329388944647e-23
1970-01-01 00:00:00.000000019,-0.8269230769230769,-0.2310208878750084,-0.37061737532663247,6.628844049790719e-25
1970-01-01 00:00:00.000000019,-0.8557692307692307,-0.2589414182550443,-0.3885551226807087,2.4585044988485125e-26
1970-01-01 00:00:00.000000019,-0.875,-0.26039740501118863,-0.370370937052502,9.118097100276787e-28
1970-01-01 00:00:00.000000019,-0.8846153846153846,-0.27178851704704876,-0.36146017773684525,3.3817182262231446e-29
1970-01-01 00:00:00.000000019,-0.8365384615384615,-0.3278925552591274,-0.38905386184232044,1.2542110525695816e-30
1970-01-01 00:00:00.000000019,-0.8365384615384615,-0.3313104749493895,-0.3929940920058076,4.6516157147266114e-32
1970-01-01 00:00:00.000000019,-0.7788461538461539,-0.36749026837438753,-0.4717866223144847,1.7251904066035244e-33
1970-01-01 00:00:00.000000019,-0.673076923076923,-0.34092677115907327,-0.5952447104852798,6.39838310291668e-35
1970-01-01 00:00:00.000000019,-0.673076923076923,-0.3375325529205892,-0.5998205607880707,2.3730311839774812e-36
1970-01-01 00:00:00.000000019,-0.625,-0.2724521576968358,-0.5999104307926291,8.801093822535527e-38
1970-01-01 00:00:00.000000019,-0.625,-0.2686757048939757,-0.597761070612913,3.264148107115985e-39
1970-01-01 00:00:00.000000019,-0.5769230769230769,-0.2317918744405073,-0.5396384757560206,1.2106066677652318e-40
1970-01-01 00:00:00.000000019,-0.5384615384615384,-0.239704904999721,-0.47247777479964304,4.489895850138154e-42
1970-01-01 00:00:00.000000019,-0.5384615384615384,-0.2402405605519602,-0.4672614438343407,1.6652117720697335e-43
1970-01-01 00:00:00.000000019,-0.5096153846153846,-0.2467902299032043,-0.3935812087275568,6.175934450137193e-45
1970-01-01 00:00:00.000000019,-0.5163461538461538,-0.1730956468345554,-0.4094311918096929,2.2905294673111516e-46
1970-01-01 00:00:00.000000019,-0.5192307692307693,-0.1767922346297908,-0.4110609701341516,8.495111602915649e-48
1970-01-01 00:00:00.000000019,-0.5,-0.10029468816979567,-0.4392150018124016,3.1506654760791573e-49
1970-01-01 00:00:00.000000019,-0.4807692307692307,-0.031164345954691995,-0.4477440788006919,1.1685182498073494e-50
1970-01-01 00:00:00.000000019,-0.4807692307692307,0.0088573473931118,-0.3998751258062803,4.333798400685943e-52
1970-01-01 00:00:00.000000019,-0.5,0.020312725568710572,-0.34888431796887553,1.6073183778588488e-53
1970-01-01 00:00:00.000000019,-0.49038461538461536,0.03958624296207363,-0.27000145935336,5.9612195329480304e-55
1970-01-01 00:00:00.000000019,-0.4807692307692307,0.04851583440727737,-0.19115508457184527,2.2108960371211422e-56
1970-01-01 00:00:00.000000019,-0.49038461538461536,0.02034128603441524,-0.14118582408646263,8.19976727906321e-58
1970-01-01 00:00:00.000000019,-0.46153846153846145,0.0006988885219341293,-0.12086216576264541,3.041128225927138e-59
1970-01-01 00:00:00.000000019,-0.46153846153846145,-0.0014712959421937027,-0.12209265150496343,1.127893094008316e-60
1970-01-01 00:00:00.000000019,-0.3557692307692307,-0.04042387896116413,-0.17563942487136736,4.183127895318584e-62
1970-01-01 00:00:00.000000019,-0.30769230769230765,-0.08997343600923784,-0.12017182002195495,1.5514377277021807e-63
1970-01-01 00:00:00.000000019,-0.2692307692307692,-0.13885889328825732,-0.06899971572141668,5.753969477317163e-65
1970-01-01 00:00:00.000000019,-0.25,-0.15921668277370912,0.007179495543704661,2.134031173454428e-66
1970-01-01 00:00:00.000000019,-0.25,-0.1599915416018891,0.012846095401442596,7.914691009794276e-68
1970-01-01 00:00:00.000000019,-0.2019230769230769,-0.16055494047729704,0.0896650802952455,2.935399190027632e-69
1970-01-01 00:00:00.000000019,-0.15384615384615383,-0.17499185128513095,0.15811107257018625,1.088680328032014e-70
1970-01-01 00:00:00.000000019,-0.10576923076923075,-0.06422504422123798,0.17933387909978343,4.037695658806574e-72
1970-01-01 00:00:00.000000019,-0.10576923076923075,-0.059084342688294794,0.1839036631239664,1.497499845764281e-73
1970-01-01 00:00:00.000000019,-0.15384615384615383,-0.031052208362721344,0.2860650252473093,5.553924756990881e-75
1970-01-01 00:00:00.000000019,-0.15384615384615383,-0.02932528310518156,0.28985201855338516,2.059838623260311e-76
1970-01-01 00:00:00.000000019,-0.1346153846153846,-0.010730435477180715,0.28993947569409123,7.639525811966082e-78
1970-01-01 00:00:00.000000019,-0.1346153846153846,-0.010396474778697672,0.2885138251870798,2.8333459705362825e-79
1970-01-01 00:00:00.000000019,-0.11538461538461536,-0.019974383547656387,0.2499338043570647,1.0508308481895386e-80
1970-01-01 00:00:00.000000019,-0.125,-0.028911881008024748,0.20969889245366727,3.897319575476127e-82
1970-01-01 00:00:00.000000019,-0.17307692307692304,-0.01064640366901185,0.1619362918919512,1.4454371890165277e-83
1970-01-01 00:00:00.000000019,-0.17307692307692304,-0.008541018055295203,0.16258098862901477,5.360834868505132e-85
1970-01-01 00:00:00.000000019,-0.22115384615384615,0.030038916176041396,0.2277504010914469,1.9882254798587295e-86
1970-01-01 00:00:00.000000019,-0.2788461538461538,0.06959175480841287,0.23667984084005136,7.373927113449375e-88
1970-01-01 00:00:00.000000019,-0.2788461538461538,0.098938463651106,0.1626053015899396,2.734840772603282e-89
1970-01-01 00:00:00.000000019,-0.2788461538461538,0.10174676377144923,0.15366330208831785,1.0142972579497896e-90
1970-01-01 00:00:00.000000019,-0.2788461538461538,0.14822415817802306,-0.013696145205358093,3.761823861157206e-92
1970-01-01 00:00:00.000000019,-0.2788461538461538,0.15030550703517356,-0.023459222632986387,1.3951845626572924e-93
1970-01-01 00:00:00.000000019,-0.2692307692307692,0.160024531771663,-0.11970286588527441,5.174458017495895e-95
1970-01-01 00:00:00.000000020,-0.2692307692307692,0.17035685079972804,-0.20851815626942258,1.9191020665990853e-96
1970-01-01 00:00:00.000000020,-0.2980769230769231,0.18961043982099418,-0.2602873533891348,7.117562321642323e-98
1970-01-01 00:00:00.000000020,-0.2980769230769231,0.19912502436711477,-0.3192403852372155,2.63976024434377e-99
1970-01-01 00:00:00.000000020,-0.2788461538461538,0.18676521809110366,-0.359203048015683,9.790338085877149e-101
1970-01-01 00:00:00.000000020,-0.25,0.09353586409268412,-0.3792419111862257,3.631038843059946e-102
1970-01-01 00:00:00.000000020,-0.25,0.08870311241136787,-0.38032855401241045,1.3466790384725373e-103
1970-01-01 00:00:00.000000020,-0.24038461538461536,0.051448171014248596,-0.3896290471488556,4.994560815915182e-105
1970-01-01 00:00:00.000000020,-0.24038461538461536,0.050397504973344144,-0.38965571900669077,1.8523818245637607e-106
1970-01-01 00:00:00.000000020,-0.24038461538461536,0.05928446326604323,-0.3810753660317952,6.870110406985679e-108
1970-01-01 00:00:00.000000020,-0.24038461538461536,0.05028300320982319,-0.39937916385177913,2.547985322372089e-109
1970-01-01 00:00:00.000000020,-0.24038461538461536,0.04835662339918287,-0.4021620579662397,9.449963418960697e-111
1970-01-01 00:00:00.000000020,-0.2115384615384615,0.005345828568114161,-0.45899640123669194,3.504800747304087e-112
1970-01-01 00:00:00.000000020,-0.17307692307692304,-0.029019252060100472,-0.49074077542444144,1.2998598760347635e-113
1970-01-01 00:00:00.000000020,-0.14423076923076922,-0.03886563419082687,-0.5410045352232274,4.820917989773837e-115
1970-01-01 00:00:00.000000020,-0.08173076923076923,-0.020352871092224965,-0.6413816756027005,1.7879812041758506e-116
1970-01-01 00:00:00.000000020,-0.02884615384615384,-0.010661885299247232,-0.7763007060496887,6.63126150095762e-118
1970-01-01 00:00:00.000000020,0.04807692307692307,-0.017518031987450302,-0.8187373877388919,2.4594010827061128e-119
1970-01-01 00:00:00.000000020,0.125,-0.08732497836191094,-0.8296087629003942,9.121422348888683e-121
1970-01-01 00:00:00.000000020,0.125,-0.09025638378414519,-0.8306992105717529,3.3829514938352195e-122
1970-01-01 00:00:00.000000020,0.15384615384615383,-0.09959738381000903,-0.849269922536935,1.254668446641578e-123
1970-01-01 00:00:00.000000020,0.18269230769230768,-0.09887297908609852,-0.8495886979254925,4.6533120970450087e-125
1970-01-01 00:00:00.000000020,0.18269230769230768,-0.06997305151465072,-0.8396249214513641,1.725819560575205e-126
1970-01-01 00:00:00.000000020,0.2019230769230769,-0.04039941180947096,-0.8202841812613407,6.400716508044661e-128
1970-01-01 00:00:00.000000020,0.23076923076923073,-0.020811067341065116,-0.808047972604836,2.3738965968551596e-129
1970-01-01 00:00:00.000000020,0.25,-0.02149940639928719,-0.7470110790692316,8.804303464272684e-131
1970-01-01 00:00:00.000000020,0.2788461538461538,-0.05967290543968906,-0.6112511622644158,3.2653384984709833e-132
1970-01-01 00:00:00.000000020,0.30769230769230765,-0.08966904047231741,-0.5067703020699966,1.2110481598986475e-133
1970-01-01 00:00:00.000000020,0.3461538461538461,-0.11139118731288118,-0.32154699362549477,4.4915332553751013e-135
1970-01-01 00:00:00.000000020,0.36538461538461536,-0.16789301697547454,0.075001474181639,1.6658190526319604e-136
1970-01-01 00:00:00.000000020,0.36538461538461536,-0.17172027102493137,0.09658679652974712,6.17818673120322e-138
1970-01-01 00:00:00.000000020,0.43269230769230765,-0.2185543006976723,0.28284203212153364,2.291364792911197e-139
1970-01-01 00:00:00.000000020,0.423076923076923,-0.22924584781222018,0.2901480707516611,8.498209657011184e-141
1970-01-01 00:00:00.000000020,0.49038461538461536,-0.2210835902322724,0.3011558781733174,3.151814481829527e-142
1970-01-01 00:00:00.000000020,0.5288461538461539,-0.24001108845913485,0.34106063992790875,1.1689443928551044e-143
1970-01-01 00:00:00.000000020,0.5288461538461539,-0.2592157981643688,0.40748139988021803,4.33537887926139e-145
1970-01-01 00:00:00.000000020,0.5288461538461539,-0.258815461978822,0.41093715683797893,1.6079045454710118e-146
1970-01-01 00:00:00.000000020,0.548076923076923,-0.22880167526382392,0.43782183474521513,5.9633935103425086e-148
1970-01-01 00:00:00.000000020,0.5673076923076922,-0.16882977014442385,0.41025238128283065,2.2117023214694486e-149
1970-01-01 00:00:00.000000020,0.5576923076923076,-0.07960211863561985,0.38899245989121256,8.20275762501611e-151
1970-01-01 00:00:00.000000020,0.5288461538461539,0.01957256698268783,0.34254403577990755,3.042237284900793e-152
1970-01-01 00:00:00.000000020,0.5192307692307693,0.10806142716819105,0.35969650616629223,1.1283044216026506e-153
1970-01-01 00:00:00.000000020,0.5,0.14808596655847053,0.3692616307099828,4.184653426366799e-155
1970-01-01 00:00:00.000000020,0.45192307692307687,0.14025966991051333,0.36036752300324315,1.5520035163852466e-156
1970-01-01 00:00:00.000000020,0.45192307692307687,0.1389251210253889,0.3606614903775818,5.756067873375768e-158
1970-01-01 00:00:00.000000020,0.4038461538461538,0.11071859777498666,0.3774927171914652,2.134809426210368e-159
1970-01-01 00:00:00.000000020,0.36538461538461536,0.10047701889925102,0.33164187379197896,7.917577392227378e-161
1970-01-01 00:00:00.000000020,0.36538461538461536,0.10216091250479087,0.32683787519196766,2.936469691029584e-162
1970-01-01 00:00:00.000000020,0.30769230769230765,0.1578676187301023,0.2429807563911479,1.0890773552526776e-163
1970-01-01 00:00:00.000000020,0.30769230769230765,0.16026479320797166,0.233642547369026,4.0391681526544294e-165
1970-01-01 00:00:00.000000020,0.2788461538461538,0.1692817978851324,0.06536802257255477,1.4980459640199362e-166
1970-01-01 00:00:00.000000020,0.2567307692307692,0.16034374969060244,0.03129406208995264,5.555950199403388e-168
1970-01-01 00:00:00.000000020,0.25,0.15999944376113306,0.029571653856166554,2.0605898189810026e-169
1970-01-01 00:00:00.000000020,0.24038461538461536,0.15964123185998993,0.01714059202654434,7.642311845315154e-171
1970-01-01 00:00:00.000000020,0.2115384615384615,0.15031381645859546,-0.06677566913946947,2.8343792540878646e-172
1970-01-01 00:00:00.000000020,0.2115384615384615,0.1488318125220877,-0.07008365879222041,1.0512140722088494e-173
1970-01-01 00:00:00.000000020,0.2019230769230769,0.11814512163777245,-0.07548311825048137,3.898740876035422e-175
1970-01-01 00:00:00.000000020,0.22115384615384615,0.041086471697768544,-0.21796053397077647,1.4459643207144538e-176
1970-01-01 00:00:00.000000020,0.25,-0.008810385798021946,-0.3094512989604827,5.362789893606198e-178
1970-01-01 00:00:00.000000020,0.22115384615384615,-0.028966888244360958,-0.3872245379622544,1.9889505592195107e-179
1970-01-01 00:00:00.000000020,0.22115384615384615,-0.02329559679972395,-0.39561122602038695,7.376616286489357e-181
1970-01-01 00:00:00.000000020,0.02884615384615384,0.14998577465181445,-0.544278564588193,2.7358381326207025e-182
1970-01-01 00:00:00.000000020,-0.0673076923076923,0.3229115123987138,-0.5499100178608234,1.0146671586551587e-183
1970-01-01 00:00:00.000000020,-0.0673076923076923,0.31862506011345737,-0.5532919176540362,3.763195748233518e-185
1970-01-01 00:00:00.000000020,0.04807692307692307,0.029965110664634656,-0.6389717587981516,1.3956933678914633e-186
1970-01-01 00:00:00.000000020,0.14423076923076922,-0.2595670721683202,-0.44894556989605755,5.1763450734408625e-188
1970-01-01 00:00:00.000000020,0.1923076923076923,-0.5382760592092798,-0.23255862839540176,1.9198019375713768e-189
1970-01-01 00:00:00.000000020,0.2980769230769231,-0.773886526482232,-0.0801373967797903,7.120158001856053e-191
1970-01-01 00:00:00.000000020,0.30769230769230765,-0.8566601558109841,0.06884891534106383,2.640722929758475e-192
1970-01-01 00:00:00.000000020,0.3173076923076923,-0.8559376804143372,-0.06094188901148659,9.793908491826136e-194
1970-01-01 00:00:00.000000020,0.3269230769230769,-0.7536572153761169,-0.21427991865120188,3.6323630345814855e-195
1970-01-01 00:00:00.000000020,0.3269230769230769,-0.7428071347408184,-0.22461591457096403,1.3471701543878624e-196
1970-01-01 00:00:00.000000020,0.23076923076923073,-0.5521354226259776,-0.3503497747648267,4.996382265745966e-198
1970-01-01 00:00:00.000000020,0.07692307692307691,-0.16484927616057468,-0.4848280040793567,1.853057363552127e-199
1970-01-01 00:00:00.000000020,0.07692307692307691,-0.1487950337095392,-0.4900063353778038,6.872615844780802e-201
1970-01-01 00:00:00.000000020,0.07692307692307691,-0.10261663399698383,-0.4953430511213457,2.548914538694659e-202
1970-01-01 00:00:00.000000020,0.1346153846153846,-0.12185408420902413,-0.38425604489853027,9.453409694800467e-204
1970-01-01 00:00:00.000000020,0.16346153846153846,-0.18744363964666755,-0.12957016113897196,3.5060789014728543e-205
1970-01-01 00:00:00.000000020,0.16346153846153846,-0.1891241862509996,-0.11413830585371268,1.3003339176248996e-206
1970-01-01 00:00:00.000000020,0.15384615384615383,-0.1689093891303219,0.04783590308872956,4.822676114377819e-208
1970-01-01 00:00:00.000000020,0.11538461538461536,-0.12142932026769188,0.15570768924941072,1.7886332571153925e-209
1970-01-01 00:00:00.000000020,0.11538461538461536,-0.10968225809735911,0.15627170664535991,6.633679833736767e-211
1970-01-01 00:00:00.000000020,-0.08653846153846152,0.16000835163899602,0.06362839017530697,2.460297993535901e-212
1970-01-01 00:00:00.000000020,-0.08653846153846152,0.1799077523502502,0.06169482808792849,9.124748810174434e-214
1970-01-01 00:00:00.000000020,-0.2788461538461538,0.4475009618177593,0.10213196819876243,3.3841852112035577e-215
1970-01-01 00:00:00.000000020,-0.423076923076923,0.6526182167292504,0.19586831327865686,1.2551260075190962e-216
1970-01-01 00:00:00.000000020,-0.49038461538461536,0.6731908898720014,0.18631249032497182,4.655009098011422e-218
1970-01-01 00:00:00.000000020,-0.03846153846153846,0.02353580981478571,0.3345689254955827,1.7264489439909457e-219
1970-01-01 00:00:00.000000020,-0.03846153846153846,-0.0377240248727854,0.34704849805575944,6.40305076413437e-221
1970-01-01 00:00:00.000000020,0.6153846153846153,-1.0420844813799923,0.5357405220099218,2.374762325337363e-222
1970-01-01 00:00:00.000000020,0.875,-1.3485569723870026,0.6179455962121297,8.807514276523358e-224
1970-01-01 00:00:00.000000020,1.0288461538461537,-1.368953773069078,0.64879057571758,3.266529323945827e-225
1970-01-01 00:00:00.000000020,1.0288461538461537,-1.3631949004781012,0.64939994816253,1.2114898130383588e-226
1970-01-01 00:00:00.000000020,1.0673076923076923,-1.187308539839649,0.6350080246707301,4.4931712577519276e-228
1970-01-01 00:00:00.000000020,1.0384615384615385,-0.9441356751924198,0.4958167179471835,1.666426554661319e-229
1970-01-01 00:00:00.000000021,1.0673076923076923,-0.8043546903556869,0.2520433599032234,6.180439833646143e-231
1970-01-01 00:00:00.000000021,1.0865384615384612,-0.7734409644111249,0.059353999439847246,2.292200423143353e-232
1970-01-01 00:00:00.000000021,1.1442307692307692,-0.8285513487446837,-0.14948537502734732,8.501308840925759e-234
1970-01-01 00:00:00.000000021,1.25,-0.8474454516953374,-0.34545912517822497,3.152963906606986e-235
1970-01-01 00:00:00.000000021,1.3365384615384612,-0.8024758470294262,-0.4279110047847273,1.169370691311554e-236
1970-01-01 00:00:00.000000021,1.4615384615384615,-0.8194024180991694,-0.20813800400941257,4.336959934216315e-238
1970-01-01 00:00:00.000000021,1.4615384615384615,-0.8213894416481496,-0.19181510346941172,1.6084909268506911e-239
1970-01-01 00:00:00.000000021,1.4903846153846152,-0.858112506400874,0.02913021033529698,5.9655682805575885e-241
1970-01-01 00:00:00.000000021,1.4615384615384615,-0.8476482311754483,0.22833078252243005,2.2125088998589217e-242
1970-01-01 00:00:00.000000021,1.4134615384615383,-0.7783897353362286,0.38580091777031367,8.205749061508354e-244
1970-01-01 00:00:00.000000021,1.3173076923076923,-0.6688746229027234,0.43829399727603763,3.0433467483334742e-245
1970-01-01 00:00:00.000000021,1.221153846153846,-0.5312250830373003,0.4481370086827027,1.1287158992026752e-246
1970-01-01 00:00:00.000000021,1.2403846153846154,-0.4242026191043827,0.41140523715693395,4.186179513755839e-248
1970-01-01 00:00:00.000000021,1.2403846153846154,-0.4222456327810338,0.40980439455451495,1.5525695114038947e-249
1970-01-01 00:00:00.000000021,1.2884615384615383,-0.47642946598353003,0.40331341581497054,5.758167034691404e-251
1970-01-01 00:00:00.000000021,1.2692307692307692,-0.44134994877427663,0.47965783244968924,2.1355879627846956e-252
1970-01-01 00:00:00.000000021,1.2307692307692306,-0.4400191509219384,0.5474480603266385,7.920464827285639e-254
1970-01-01 00:00:00.000000021,1.2307692307692306,-0.43916712611806036,0.5514397963695501,2.9375405824289885e-255
1970-01-01 00:00:00.000000021,1.2115384615384615,-0.41749325426569256,0.5914264416512144,1.0894745272638815e-256
1970-01-01 00:00:00.000000021,1.1249999999999998,-0.33315073905563897,0.6670741282132387,4.040641183501171e-258
1970-01-01 00:00:00.000000021,1.1249999999999998,-0.3275767002365593,0.6695750201062304,1.4985922814376422e-259
1970-01-01 00:00:00.000000021,1.0769230769230769,-0.26142016733146206,0.66145141465498,5.557976380467739e-261
1970-01-01 00:00:00.000000021,1.0384615384615385,-0.23076781771291727,0.6896131755782287,2.0613412886527492e-262
1970-01-01 00:00:00.000000021,0.971153846153846,-0.2193109109173039,0.7081043259571955,7.64509889469338e-264
1970-01-01 00:00:00.000000021,0.9326923076923076,-0.19062677705428782,0.6792036252660507,2.835412914464152e-265
1970-01-01 00:00:00.000000021,0.9038461538461537,-0.1776120695484674,0.6303935562261718,1.051597435984841e-266
1970-01-01 00:00:00.000000021,0.798076923076923,-0.17989910075433196,0.5914223928405877,3.900162694924043e-268
1970-01-01 00:00:00.000000021,0.798076923076923,-0.17966365081849597,0.588011050469696,1.4464916446502677e-269
1970-01-01 00:00:00.000000021,0.75,-0.17101947134505918,0.5348759698412049,5.364745631678782e-271
1970-01-01 00:00:00.000000021,0.7403846153846153,-0.1878620754981022,0.35364013524283544,1.989675903007041e-272
1970-01-01 00:00:00.000000021,0.721153846153846,-0.15125656710369975,0.2634076817153543,7.379306440234819e-274
1970-01-01 00:00:00.000000021,0.721153846153846,-0.14606523630179152,0.2583672710717301,2.7368358563619957e-275
1970-01-01 00:00:00.000000021,0.6153846153846153,-0.04250481304467163,0.21250863722135835,1.0150371942583753e-276
1970-01-01 00:00:00.000000021,0.5576923076923076,-0.0015647159043421844,0.22936593390494553,3.7645681356187154e-278
1970-01-01 00:00:00.000000021,0.5576923076923076,0.0002574836274325835,0.2303715782121707,1.396202358680106e-279
1970-01-01 00:00:00.000000021,0.5288461538461539,0.008516773845021943,0.24066667782366283,5.178232817569923e-281
1970-01-01 00:00:00.000000021,0.5192307692307693,-0.020304589811840176,0.26762872302672625,1.9205020637772556e-282
1970-01-01 00:00:00.000000021,0.5,-0.056740698764706714,0.23530884389794574,7.122754628679633e-284
1970-01-01 00:00:00.000000021,0.49038461538461536,-0.011694276835241052,0.08571006221780904,2.641685966251656e-285
1970-01-01 00:00:00.000000021,0.49038461538461536,-0.009004775786801708,0.07886283598289906,9.797480199854339e-287
1970-01-01 00:00:00.000000021,0.4711538461538461,0.018565330591594927,0.04358650932046567,3.6336877090179185e-288
1970-01-01 00:00:00.000000021,0.423076923076923,0.010268701759864704,0.09797291566967407,1.3476614494065763e-289
1970-01-01 00:00:00.000000021,0.423076923076923,0.008689616924752092,0.10168221376073402,4.9982043798350994e-291
1970-01-01 00:00:00.000000021,0.423076923076923,-0.025649044791558284,0.14744685587014453,1.8537331489005037e-292
1970-01-01 00:00:00.000000021,0.41346153846153844,-0.0762138262968257,0.25438289473316833,6.875122196275523e-294
1970-01-01 00:00:00.000000021,0.4423076923076923,-0.032124265222735496,0.22089130192540044,2.5498440938899906e-295
1970-01-01 00:00:00.000000021,0.43269230769230765,-0.04114133471703275,0.20968225725264333,9.456857227450956e-297
1970-01-01 00:00:00.000000021,0.43269230769230765,-0.07869177213714863,0.1905296438959693,3.5073575217673594e-298
1970-01-01 00:00:00.000000021,0.43269230769230765,-0.08353651298598018,0.18461812793852736,1.300808132091668e-299
1970-01-01 00:00:00.000000021,0.5923076923076922,-0.17679407848431633,0.044159810444269594,4.824434880146357e-301
1970-01-01 00:00:00.000000021,0.6490384615384616,-0.214903606090561,-0.042303245943248434,1.789285547849924e-302
1970-01-01 00:00:00.000000021,0.8076923076923076,-0.2506032859608306,-0.18634745091197708,6.636099048449563e-304
1970-01-01 00:00:00.000000021,0.875,-0.30138511485186503,-0.23907792868013225,2.4611952314570875e-305
1970-01-01 00:00:00.000000021,1.0,-0.3867948150395254,-0.26875662345159407,9.1280764845762e-307
1970-01-01 00:00:00.000000021,1.0,-0.3920748912153197,-0.26735090451290716,3.385419378492158e-308
1970-01-01 00:00:00.000000021,1.0480769230769231,-0.449227247774106,-0.19971779839689985,1.255583735262966e-309
1970-01-01 00:00:00.000000021,1.0673076923076923,-0.4870607986855413,-0.12502965220338852,4.656706717852e-311
1970-01-01 00:00:00.000000021,1.0096153846153846,-0.45141431673550964,0.07391718890541012,1.727078556933e-312
1970-01-01 00:00:00.000000021,1.0,-0.4511257531732185,0.12079375264946193,6.4053858715e-314
1970-01-01 00:00:00.000000021,1.0096153846153846,-0.47898101894139006,0.1875141326300624,2.37562837e-315
1970-01-01 00:00:00.000000021,1.0096153846153846,-0.4813617582443128,0.19208782836222235,8.810726e-317
1970-01-01 00:00:00.000000021,0.9807692307692307,-0.5177864536550564,0.2488572331499409,3.26772e-318
1970-01-01 00:00:00.000000021,0.9038461538461537,-0.4988724904422106,0.2770574666861818,1.21194e-319
1970-01-01 00:00:00.000000021,0.9038461538461537,-0.4517707882846309,0.23169436737696772,4.496e-321
1970-01-01 00:00:00.000000021,0.9038461538461537,-0.4489387932428235,0.22869045249194694,1.7e-322
1970-01-01 00:00:00.000000021,0.8846153846153846,-0.4195766292716037,0.1929478499056,5e-324
1970-01-01 00:00:00.000000021,0.8365384615384615,-0.3796301970904781,0.23090149495925313,0.0
1970-01-01 00:00:00.000000021,0.7596153846153846,-0.33043869217130534,0.2913925139942343,0.0
1970-01-01 00:00:00.000000021,0.7115384615384615,-0.2922144915347651,0.38669638288507385,0.0
1970-01-01 00:00:00.000000021,0.7115384615384615,-0.3093525792673528,0.3994098239027583,0.0
1970-01-01 00:00:00.000000021,0.7115384615384615,-0.31030514868376236,0.39736886248939907,0.0
1970-01-01 00:00:00.000000021,0.6923076923076922,-0.3188864351942306,0.3295494633110165,0.0
1970-01-01 00:00:00.000000021,0.6826923076923076,-0.29962860156046356,0.25046664690804543,0.0
1970-01-01 00:00:00.000000021,0.6538461538461539,-0.2710858069382854,0.1830500032062113,0.0
1970-01-01 00:00:00.000000021,0.6057692307692307,-0.2696881857732419,0.19188343965965976,0.0
1970-01-01 00:00:00.000000021,0.5,-0.2604952089392451,0.24780286760460188,0.0
1970-01-01 00:00:00.000000021,0.5,-0.26368245558637493,0.24879398566459104,0.0
1970-01-01 00:00:00.000000021,0.45192307692307687,-0.3589310918928791,0.21963474533935676,0.0
1970-01-01 00:00:00.000000021,0.45192307692307687,-0.4274570255213599,0.18134413849804104,0.0
1970-01-01 00:00:00.000000021,0.45192307692307687,-0.4324085971838374,0.1766569941077515,0.0
1970-01-01 00:00:00.000000021,0.45192307692307687,-0.4975750984422508,0.08839470241125051,0.0
1970-01-01 00:00:00.000000021,0.4423076923076923,-0.5021190607569324,-0.04000002900398771,0.0
1970-01-01 00:00:00.000000021,0.39423076923076916,-0.5596395419949226,-0.16839548551891864,0.0
1970-01-01 00:00:00.000000021,0.4038461538461538,-0.6081485731059774,-0.2566780800068156,0.0
1970-01-01 00:00:00.000000021,0.4038461538461538,-0.6103719318664678,-0.2619126746651012,0.0
1970-01-01 00:00:00.000000021,0.375,-0.6218935872886516,-0.3149641359509174,0.0
1970-01-01 00:00:00.000000021,0.3846153846153846,-0.6807549249271243,-0.24211899600966816,0.0
1970-01-01 00:00:00.000000021,0.3846153846153846,-0.758489385743703,-0.222248756310123,0.0
1970-01-01 00:00:00.000000021,0.4038461538461538,-0.7984584901528533,-0.2585974243636528,0.0
1970-01-01 00:00:00.000000021,0.4038461538461538,-0.7998898483833345,-0.25988170150850315,0.0
1970-01-01 00:00:00.000000021,0.4038461538461538,-0.7985674161971781,-0.25820851636593245,0.0
1970-01-01 00:00:00.000000021,0.36538461538461536,-0.7614303889404743,-0.21174824037167223,0.0
1970-01-01 00:00:00.000000021,0.36538461538461536,-0.7600530851956269,-0.2089939736692183,0.0
1970-01-01 00:00:00.000000021,0.3173076923076923,-0.7600029113414504,-0.18108904869722214,0.0
1970-01-01 00:00:00.000000021,0.3173076923076923,-0.7600255210235328,-0.18041034115577956,0.0
1970-01-01 00:00:00.000000022,0.3269230769230769,-0.7606861562939351,-0.18999016250882622,0.0
1970-01-01 00:00:00.000000022,0.3365384615384615,-0.7785006989127156,-0.19932404658252897,0.0
1970-01-01 00:00:00.000000022,0.3269230769230769,-0.7588327143493818,-0.19175909521945544,0.0
1970-01-01 00:00:00.000000022,0.28846153846153844,-0.7099825885205922,-0.22817152434276822,0.0
1970-01-01 00:00:00.000000022,0.2788461538461538,-0.6606971757066079,-0.2188720620352862,0.0
1970-01-01 00:00:00.000000022,0.2692307692307692,-0.6288411555578217,-0.18137415060995912,0.0
1970-01-01 00:00:00.000000022,0.23076923076923073,-0.5680140243545792,-0.17823000443361053,0.0
1970-01-01 00:00:00.000000022,0.16346153846153846,-0.4575375020158172,-0.13083596909752554,0.0
1970-01-01 00:00:00.000000022,0.03846153846153846,-0.28549853007248543,-0.10434116119957883,0.0
1970-01-01 00:00:00.000000022,-0.2115384615384615,-0.0009228099412906558,0.06362461670889731,0.0
1970-01-01 00:00:00.000000022,-0.2115384615384615,0.010582661657637478,0.07220581233980614,0.0
1970-01-01 00:00:00.000000022,-0.25,0.03665467469750253,0.13593231646586793,0.0
1970-01-01 00:00:00.000000022,-0.24038461538461536,-0.020906444825069172,0.09796673223862752,0.0
1970-01-01 00:00:00.000000022,-0.18269230769230768,-0.10112868497437008,0.009169453977074735,0.0
1970-01-01 00:00:00.000000022,-0.10576923076923075,-0.2095680494829224,-0.10039147485760958,0.0
1970-01-01 00:00:00.000000022,-0.05769230769230768,-0.30720865106453443,-0.2197392751325331,0.0
1970-01-01 00:00:00.000000022,-0.1346153846153846,-0.33506552925950644,-0.3325689537207843,0.0
1970-01-01 00:00:00.000000022,-0.25384615384615383,-0.23956063894213972,-0.2596224753286432,0.0
1970-01-01 00:00:00.000000022,-0.4038461538461538,-0.13307172217826627,-0.20223788015258132,0.0
1970-01-01 00:00:00.000000022,-0.4807692307692307,-0.10337585987104907,-0.20080028879105172,0.0
1970-01-01 00:00:00.000000022,-0.4711538461538461,-0.15807649434005852,-0.21936991720581492,0.0
1970-01-01 00:00:00.000000022,-0.4711538461538461,-0.1646894873105309,-0.22218747576595121,0.0
1970-01-01 00:00:00.000000022,-0.423076923076923,-0.2885396630442762,-0.27969192847486807,0.0
1970-01-01 00:00:00.000000022,-0.423076923076923,-0.37588141488492566,-0.3294945930554851,0.0
1970-01-01 00:00:00.000000022,-0.4711538461538461,-0.36025853884871745,-0.3666620840232292,0.0
1970-01-01 00:00:00.000000022,-0.4711538461538461,-0.35109913403044485,-0.3203816755717037,0.0
1970-01-01 00:00:00.000000022,-0.49038461538461536,-0.36941807997329396,-0.2836431564127702,0.0
1970-01-01 00:00:00.000000022,-0.5192307692307693,-0.3731890252484916,-0.2879835475730926,0.0
1970-01-01 00:00:00.000000022,-0.5576923076923076,-0.45668560173597983,-0.24191262806073097,0.0
1970-01-01 00:00:00.000000022,-0.5576923076923076,-0.45732222162296343,-0.2436574100666437,0.0
1970-01-01 00:00:00.000000022,-0.6442307692307692,-0.39101438208403216,-0.33683744373864927,0.0
1970-01-01 00:00:00.000000022,-0.6923076923076922,-0.35006609464590427,-0.35095357087688644,0.0
1970-01-01 00:00:00.000000022,-0.721153846153846,-0.31077017335538343,-0.3889089699372848,0.0
1970-01-01 00:00:00.000000022,-0.7307692307692307,-0.2907285859494474,-0.3995886174298026,0.0
1970-01-01 00:00:00.000000022,-0.7307692307692307,-0.2889016472796968,-0.3999837006673859,0.0
1970-01-01 00:00:00.000000022,-0.7740384615384616,-0.2596158906023657,-0.3999713005896166,0.0
1970-01-01 00:00:00.000000022,-0.7788461538461539,-0.22072739898417587,-0.399241415252262,0.0
1970-01-01 00:00:00.000000022,-0.7692307692307692,-0.20002388197038257,-0.37954691122145645,0.0
1970-01-01 00:00:00.000000022,-0.7596153846153846,-0.17991741421615343,-0.3485251877270618,0.0
1970-01-01 00:00:00.000000022,-0.7884615384615383,-0.1577463018657607,-0.28063315740921235,0.0
1970-01-01 00:00:00.000000022,-0.8269230769230769,-0.07923273615938517,-0.22857006232167243,0.0
1970-01-01 00:00:00.000000022,-0.875,0.01846242556236124,-0.14075852527594318,0.0
1970-01-01 00:00:00.000000022,-0.8942307692307692,0.07771822634313846,-0.07191012012879304,0.0
1970-01-01 00:00:00.000000022,-0.8942307692307692,0.07992968570237699,-0.05081471820146857,0.0
1970-01-01 00:00:00.000000022,-0.8942307692307692,0.08038328762104022,-0.05008727131085849,0.0
1970-01-01 00:00:00.000000022,-0.9038461538461537,0.09041908006570855,-0.05154160719171053,0.0
1970-01-01 00:00:00.000000022,-0.8942307692307692,0.11093187415309061,-0.09153612286532586,0.0
1970-01-01 00:00:00.000000022,-0.8846153846153846,0.15474152206773817,-0.16993371017208792,0.0
1970-01-01 00:00:00.000000022,-0.9230769230769229,0.3170892216758395,-0.24667405178104745,0.0
1970-01-01 00:00:00.000000022,-0.9653846153846153,0.4066674631799296,-0.24026568791619304,0.0
1970-01-01 00:00:00.000000022,-0.971153846153846,0.41293228418225975,-0.240499521956165,0.0
1970-01-01 00:00:00.000000022,-1.0,0.492504209741084,-0.2532214049002623,0.0
1970-01-01 00:00:00.000000022,-1.0480769230769231,0.6346813788270079,-0.34647841035091625,0.0
1970-01-01 00:00:00.000000022,-1.0480769230769231,0.6438930185881295,-0.351695674574476,0.0
1970-01-01 00:00:00.000000022,-1.1249999999999998,0.7504301230524878,-0.39930480315993655,0.0
1970-01-01 00:00:00.000000022,-1.1923076923076923,0.8677203038290422,-0.4295340107438107,0.0
1970-01-01 00:00:00.000000022,-1.2307692307692306,0.9280180803316536,-0.4481134869229521,0.0
1970-01-01 00:00:00.000000022,-1.2307692307692306,0.9387678651256047,-0.4195301361758961,0.0
1970-01-01 00:00:00.000000022,-1.2307692307692306,0.9187142780596761,-0.37920018982624226,0.0
1970-01-01 00:00:00.000000022,-1.2403846153846154,0.8665176424856473,-0.3188749891326442,0.0
1970-01-01 00:00:00.000000022,-1.1923076923076923,0.7272620690528026,-0.23042451675515116,0.0
1970-01-01 00:00:00.000000022,-1.0865384615384612,0.5195582219400223,-0.1525869632564367,0.0
1970-01-01 00:00:00.000000022,-1.0096153846153846,0.3008099233277985,-0.13942349116863947,0.0
1970-01-01 00:00:00.000000022,-0.9423076923076922,0.10230970791053631,-0.11184729829682882,0.0
1970-01-01 00:00:00.000000022,-0.8557692307692307,-0.03844780974331814,-0.13045356284573897,0.0
1970-01-01 00:00:00.000000022,-0.7788461538461539,-0.14040057098012595,-0.16039889853812322,0.0
1970-01-01 00:00:00.000000022,-0.7403846153846153,-0.2523676067200826,-0.2003166976835879,0.0
1970-01-01 00:00:00.000000022,-0.6442307692307692,-0.4235248104621053,-0.24815193891875026,0.0
1970-01-01 00:00:00.000000022,-0.6442307692307692,-0.43280227575676017,-0.24978565312266904,0.0
1970-01-01 00:00:00.000000022,-0.5865384615384615,-0.5121366349704196,-0.24606069539331363,0.0
1970-01-01 00:00:00.000000022,-0.5192307692307693,-0.6448868684445704,-0.14385312249679952,0.0
1970-01-01 00:00:00.000000022,-0.5192307692307693,-0.6498088130329827,-0.1379736120202728,0.0
1970-01-01 00:00:00.000000022,-0.5,-0.6499510834459626,-0.08143440205056603,0.0
1970-01-01 00:00:00.000000022,-0.5,-0.6488704400080069,-0.060755243345009764,0.0
1970-01-01 00:00:00.000000022,-0.5096153846153846,-0.6195507967702211,-0.058957168264697726,0.0
1970-01-01 00:00:00.000000022,-0.5288461538461539,-0.5790010727879618,-0.031088299801829034,0.0
1970-01-01 00:00:00.000000022,-0.548076923076923,-0.513478168504748,-0.030426926384686272,0.0
1970-01-01 00:00:00.000000022,-0.5769230769230769,-0.40990947684023477,-0.040438712584700415,0.0
1970-01-01 00:00:00.000000022,-0.5769230769230769,-0.30407770618159086,-0.06141831340222483,0.0
1970-01-01 00:00:00.000000022,-0.5384615384615384,-0.3001885900627185,-0.11785574927537004,0.0
1970-01-01 00:00:00.000000022,-0.5384615384615384,-0.30101422551180873,-0.1206869170327663,0.0
1970-01-01 00:00:00.000000022,-0.4423076923076923,-0.32719549875611853,-0.14069101060932002,0.0
1970-01-01 00:00:00.000000022,-0.41346153846153844,-0.2832642409033906,-0.1779703694188737,0.0
1970-01-01 00:00:00.000000022,-0.41346153846153844,-0.19593900563542818,-0.16450896370027057,0.0
1970-01-01 00:00:00.000000022,-0.423076923076923,-0.13208891125317074,-0.13877165048843107,0.0
1970-01-01 00:00:00.000000022,-0.43269230769230765,-0.12046159820018239,-0.08232559948736823,0.0
1970-01-01 00:00:00.000000022,-0.43269230769230765,-0.12037424015175362,-0.084019535670511,0.0
1970-01-01 00:00:00.000000022,-0.3461538461538461,-0.1296428858971656,-0.18620186361642888,0.0
1970-01-01 00:00:00.000000022,-0.3461538461538461,-0.12998367907171784,-0.19343078197306876,0.0
1970-01-01 00:00:00.000000022,-0.2980769230769231,-0.12991644903921595,-0.2864292496564273,0.0
1970-01-01 00:00:00.000000022,-0.2980769230769231,-0.12776044498711217,-0.2901589587504691,0.0
1970-01-01 00:00:00.000000022,-0.3173076923076923,-0.06961556561281285,-0.2978626366062392,0.0
1970-01-01 00:00:00.000000022,-0.3269230769230769,-0.0018598265588347512,-0.25213222961798903,0.0
1970-01-01 00:00:00.000000022,-0.3019230769230769,0.019400248524274508,-0.25970756307946397,0.0
1970-01-01 00:00:00.000000022,-0.28846153846153844,0.0006665367142464143,-0.25997197352753665,0.0
1970-01-01 00:00:00.000000023,-0.28846153846153844,-0.0014037572396212858,-0.25953572216402515,0.0
1970-01-01 00:00:00.000000023,-0.2692307692307692,-0.03856798218402115,-0.24749252490114293,0.0
1970-01-01 00:00:00.000000023,-0.25961538461538464,-0.03993176172894972,-0.17276245016683428,0.0
1970-01-01 00:00:00.000000023,-0.25961538461538464,-0.039589584497621226,-0.16709362960338286,0.0
1970-01-01 00:00:00.000000023,-0.2980769230769231,-0.028987019706823432,-0.0887655491245025,0.0
1970-01-01 00:00:00.000000023,-0.3269230769230769,0.006940052413388591,0.020423803241815017,0.0
1970-01-01 00:00:00.000000023,-0.3461538461538461,-0.03363156513168476,0.1402082366535079,0.0
1970-01-01 00:00:00.000000023,-0.3461538461538461,-0.1649923109688772,0.26519858640289834,0.0
1970-01-01 00:00:00.000000023,-0.3461538461538461,-0.17116083102799942,0.2701535962247462,0.0
1970-01-01 00:00:00.000000023,-0.36538461538461536,-0.20635012678710707,0.2789485116652494,0.0
1970-01-01 00:00:00.000000023,-0.4038461538461538,-0.1502925922238917,0.26145621873698766,0.0
1970-01-01 00:00:00.000000023,-0.45192307692307687,-0.10154986325796915,0.28036939423341806,0.0
1970-01-01 00:00:00.000000023,-0.4711538461538461,-0.09155371574127494,0.3085174255652992,0.0
1970-01-01 00:00:00.000000023,-0.4807692307692307,-0.12040046175645444,0.29960109602966173,0.0
1970-01-01 00:00:00.000000023,-0.46153846153846145,-0.15925875168299505,0.28071216723556724,0.0
1970-01-01 00:00:00.000000023,-0.45192307692307687,-0.17958583368441228,0.2796274193306525,0.0
1970-01-01 00:00:00.000000023,-0.4423076923076923,-0.18955875779613662,0.26922815469204914,0.0
1970-01-01 00:00:00.000000023,-0.4711538461538461,-0.18850062681127597,0.2395327573546735,0.0
1970-01-01 00:00:00.000000023,-0.4807692307692307,-0.1499581661083143,0.19815629388413572,0.0
1970-01-01 00:00:00.000000023,-0.49038461538461536,-0.11036985811321053,0.11068717751699088,0.0
1970-01-01 00:00:00.000000023,-0.5,-0.08002800294836981,0.04039749907461801,0.0
1970-01-01 00:00:00.000000023,-0.4807692307692307,-0.0503862214927744,-0.019954702502304477,0.0
1970-01-01 00:00:00.000000023,-0.4807692307692307,-0.030399977356538998,-0.07917446663683868,0.0
1970-01-01 00:00:00.000000023,-0.5,-0.0204131671337786,-0.11775589669233952,0.0
1970-01-01 00:00:00.000000023,-0.5,-0.020755535255483203,-0.10023474405632844,0.0
1970-01-01 00:00:00.000000023,-0.5096153846153846,-0.039986284764267827,-0.08858219282852821,0.0
1970-01-01 00:00:00.000000023,-0.5288461538461539,-0.05887415337974796,-0.04148446231393305,0.0
1970-01-01 00:00:00.000000023,-0.5673076923076922,-0.049615856488927135,-0.03149828964766426,0.0
1970-01-01 00:00:00.000000023,-0.548076923076923,-0.030753971821284604,-0.05896935817300202,0.0
1970-01-01 00:00:00.000000023,-0.548076923076923,-0.03074138268575718,-0.06067438102339032,0.0
1970-01-01 00:00:00.000000023,-0.5576923076923076,-0.04926336069415934,-0.07923892945853649,0.0
1970-01-01 00:00:00.000000023,-0.5576923076923076,-0.04936935605654492,-0.07877671435709495,0.0
1970-01-01 00:00:00.000000023,-0.5576923076923076,-0.03370925283255338,-0.04773235818302728,0.0
1970-01-01 00:00:00.000000023,-0.49038461538461536,-0.11078047042239644,0.040003043415358416,0.0
1970-01-01 00:00:00.000000023,-0.46153846153846145,-0.20736344857215,0.12781453039770413,0.0
1970-01-01 00:00:00.000000023,-0.4423076923076923,-0.23803264102565355,0.16098927732265306,0.0
1970-01-01 00:00:00.000000023,-0.43269230769230765,-0.21951785912049593,0.21889595731392797,0.0
1970-01-01 00:00:00.000000023,-0.46153846153846145,-0.18894955522773674,0.24920157015340183,0.0
1970-01-01 00:00:00.000000023,-0.5192307692307693,-0.1321201320283956,0.2595464368279214,0.0
1970-01-01 00:00:00.000000023,-0.5192307692307693,-0.12829400953894404,0.2585522242004749,0.0
1970-01-01 00:00:00.000000023,-0.5528846153846153,-0.08181812552309357,0.22136361658490145,0.0
1970-01-01 00:00:00.000000023,-0.5576923076923076,-0.08079537958458251,0.2182654235918643,0.0
1970-01-01 00:00:00.000000023,-0.5576923076923076,-0.09965712326063415,0.17180282039543443,0.0
1970-01-01 00:00:00.000000023,-0.5576923076923076,-0.10994694845253968,0.17041072708486452,0.0
1970-01-01 00:00:00.000000023,-0.5576923076923076,-0.11891048495793688,0.17928681089590742,0.0
1970-01-01 00:00:00.000000023,-0.5961538461538461,-0.10063614541175628,0.17033316710463647,0.0
1970-01-01 00:00:00.000000023,-0.5961538461538461,-0.09826544115948228,0.1697087009292765,0.0
1970-01-01 00:00:00.000000023,-0.6538461538461539,-0.05253076589426547,0.16180175798582877,0.0
1970-01-01 00:00:00.000000023,-0.6923076923076922,-0.0700652379856854,0.19893876468810004,0.0
1970-01-01 00:00:00.000000023,-0.721153846153846,-0.08923065971924024,0.20954488859287224,0.0
1970-01-01 00:00:00.000000023,-0.721153846153846,-0.08916257443380111,0.2087732273194506,0.0
1970-01-01 00:00:00.000000023,-0.7307692307692307,-0.06815884999338975,0.1773322490322946,0.0
1970-01-01 00:00:00.000000023,-0.7403846153846153,-0.0011263753877220407,0.07919749655250358,0.0
1970-01-01 00:00:00.000000023,-0.721153846153846,0.03774671452489473,-0.03899984211469805,0.0
1970-01-01 00:00:00.000000023,-0.7019230769230769,0.020287667559879683,-0.13219323364935082,0.0
1970-01-01 00:00:00.000000023,-0.7115384615384615,0.010020309591856662,-0.030217466417773287,0.0
1970-01-01 00:00:00.000000023,-0.7019230769230769,0.0002606914202502022,0.06632164036947187,0.0
1970-01-01 00:00:00.000000023,-0.7019230769230769,-0.0029816412451011886,0.0709017563935137,0.0
1970-01-01 00:00:00.000000023,-0.6923076923076922,-0.08076500503798235,0.09802578225539825,0.0
1970-01-01 00:00:00.000000023,-0.6634615384615383,-0.17767349478042224,0.07579436450223881,0.0
1970-01-01 00:00:00.000000023,-0.6346153846153846,-0.21641935403341803,-0.05157794069495055,0.0
1970-01-01 00:00:00.000000023,-0.6153846153846153,-0.16564906412186464,-0.2183987632659033,0.0
1970-01-01 00:00:00.000000023,-0.6923076923076922,-0.006105377256927739,-0.3451886674844378,0.0
1970-01-01 00:00:00.000000023,-0.6923076923076922,0.0008038781848153254,-0.35169525881391733,0.0
1970-01-01 00:00:00.000000023,-0.7019230769230769,0.02781008824694153,-0.40058332049133116,0.0
1970-01-01 00:00:00.000000023,-0.6923076923076922,6.850448260593963e-05,-0.46405439445202395,0.0
1970-01-01 00:00:00.000000023,-0.7115384615384615,-0.025960467216581188,-0.37888532971331634,0.0
1970-01-01 00:00:00.000000023,-0.9807692307692307,0.04899888066970203,0.2341504921924837,0.0
1970-01-01 00:00:00.000000023,-1.2403846153846154,0.5989302452985364,0.7009486189103772,0.0
1970-01-01 00:00:00.000000023,-1.2403846153846154,0.6221177423907807,0.6914622183877006,0.0
1970-01-01 00:00:00.000000023,-1.0769230769230769,0.6982487992525405,-0.03146872244245845,0.0
1970-01-01 00:00:00.000000023,-0.8365384615384615,0.23059983742781182,-0.5411177243340771,0.0
1970-01-01 00:00:00.000000023,-0.8557692307692307,0.2779468112983807,-0.3287098345776232,0.0
1970-01-01 00:00:00.000000023,-0.8557692307692307,0.2739640676284675,-0.33404780926174943,0.0
1970-01-01 00:00:00.000000023,-0.7115384615384615,0.11908301467024107,-0.6905810154896117,0.0
1970-01-01 00:00:00.000000023,-0.5961538461538461,-0.0587226715319583,-0.8116396089577681,0.0
1970-01-01 00:00:00.000000023,-0.5384615384615384,-0.2045951460331151,-0.9736884263701275,0.0
1970-01-01 00:00:00.000000023,-0.5384615384615384,-0.2153462713621492,-0.9779479030356745,0.0
1970-01-01 00:00:00.000000023,-0.5192307692307693,-0.3597541807449136,-0.9309049555930852,0.0
1970-01-01 00:00:00.000000023,-0.46153846153846145,-0.4980166087505182,-0.9064858979776244,0.0
1970-01-01 00:00:00.000000023,-0.45192307692307687,-0.5866942555190766,-0.7942142898027705,0.0
1970-01-01 00:00:00.000000023,-0.45192307692307687,-0.5927282902645526,-0.7872999266971776,0.0
1970-01-01 00:00:00.000000023,-0.46153846153846145,-0.666969581623848,-0.712883731021025,0.0
1970-01-01 00:00:00.000000023,-0.46153846153846145,-0.6654504135793425,-0.7105608108704978,0.0
1970-01-01 00:00:00.000000023,-0.45192307692307687,-0.5501915850183996,-0.7222581624824175,0.0
1970-01-01 00:00:00.000000023,-0.4807692307692307,-0.4397223819174449,-0.7904095761547734,0.0
1970-01-01 00:00:00.000000023,-0.4711538461538461,-0.3223127267526126,-0.8688003936964621,0.0
1970-01-01 00:00:00.000000023,-0.45192307692307687,-0.26272124040309514,-0.9172010536497035,0.0
1970-01-01 00:00:00.000000023,-0.4423076923076923,-0.27116076413095513,-0.8956280548455313,0.0
1970-01-01 00:00:00.000000023,-0.43269230769230765,-0.30861939113269343,-0.7647564271796413,0.0
1970-01-01 00:00:00.000000023,-0.43269230769230765,-0.3115627964517675,-0.7527954790047835,0.0
1970-01-01 00:00:00.000000023,-0.41346153846153844,-0.3535761130650285,-0.5607215059495132,0.0
1970-01-01 00:00:00.000000023,-0.3173076923076923,-0.48499225630400294,-0.3866851816320711,0.0
1970-01-01 00:00:00.000000023,-0.3173076923076923,-0.4912148071430504,-0.3797783981164082,0.0
1970-01-01 00:00:00.000000023,-0.2692307692307692,-0.5278075365583571,-0.3673315675109488,0.0
1970-01-01 00:00:00.000000023,-0.1923076923076923,-0.509588679932591,-0.2881739246792105,0.0
1970-01-01 00:00:00.000000023,-0.17307692307692304,-0.4810868216216007,-0.16336439882773618,0.0
1970-01-01 00:00:00.000000023,-0.11538461538461536,-0.47975550385062865,-0.12266484366966689,0.0
1970-01-01 00:00:00.000000023,-0.04807692307692307,-0.4723117823453732,-0.14858638025326995,0.0
1970-01-01 00:00:00.000000023,0.02884615384615384,-0.5226626194744477,-0.1391674231686216,0.0
1970-01-01 00:00:00.000000024,0.08653846153846152,-0.6395789434647144,-0.10893404529951266,0.0
1970-01-01 00:00:00.000000024,0.125,-0.7459688540728412,-0.05205179991822009,0.0
1970-01-01 00:00:00.000000024,0.125,-0.7515801165019972,-0.04646455249242987,0.0
1970-01-01 00:00:00.000000024,0.18269230769230768,-0.7966942914810841,0.04750888262261372,0.0
1970-01-01 00:00:00.000000024,0.22115384615384615,-0.7591657534872713,0.07920438330299988,0.0
1970-01-01 00:00:00.000000024,0.25,-0.7007810526752413,0.09100946655838273,0.0
1970-01-01 00:00:00.000000024,0.2692307692307692,-0.6619226687442437,0.12805121377333398,0.0
1970-01-01 00:00:00.000000024,0.3173076923076923,-0.6711310034193351,0.11637330532163392,0.0
1970-01-01 00:00:00.000000024,0.49038461538461536,-0.7086144235778024,0.014028029910782062,0.0
1970-01-01 00:00:00.000000024,0.4807692307692307,-0.7114584331813295,0.012383502269482094,0.0
1970-01-01 00:00:00.000000024,0.5769230769230769,-0.7507632723180934,0.07032653136523455,0.0
1970-01-01 00:00:00.000000024,0.6538461538461539,-0.8091499194071896,0.13643284459185062,0.0
1970-01-01 00:00:00.000000024,0.7307692307692307,-0.8462845516760251,0.11336027261473172,0.0
1970-01-01 00:00:00.000000024,0.7548076923076923,-0.7905329758454899,0.17429451600590584,0.0
1970-01-01 00:00:00.000000024,0.7403846153846153,-0.7481057961522007,0.21759165954472573,0.0
1970-01-01 00:00:00.000000024,0.735576923076923,-0.6583235202639314,0.20068029170168877,0.0
1970-01-01 00:00:00.000000024,0.8269230769230769,-0.6516292509739439,0.20077621640087068,0.0
1970-01-01 00:00:00.000000024,0.9038461538461537,-0.6856662560325538,0.22027755112181896,0.0
1970-01-01 00:00:00.000000024,0.9423076923076922,-0.6113596619050105,0.24671766388824126,0.0
1970-01-01 00:00:00.000000024,0.9519230769230769,-0.5710446154027288,0.19109937386069528,0.0
1970-01-01 00:00:00.000000024,1.0240384615384615,-0.5568449539686657,0.16296543035053196,0.0
1970-01-01 00:00:00.000000024,1.0576923076923077,-0.5887691417512428,0.20896724560366733,0.0
1970-01-01 00:00:00.000000024,1.0769230769230769,-0.589921873314893,0.22915020094848595,0.0
1970-01-01 00:00:00.000000024,1.0769230769230769,-0.5891214377508673,0.2280881800054532,0.0
1970-01-01 00:00:00.000000024,1.096153846153846,-0.5663569459585248,0.17923065919874995,0.0
1970-01-01 00:00:00.000000024,1.1057692307692306,-0.45251610312930335,0.11113961836079544,0.0
1970-01-01 00:00:00.000000024,1.1163461538461539,-0.40157783853266504,0.0715390365427269,0.0
1970-01-01 00:00:00.000000024,1.1346153846153844,-0.39008553725265277,0.07041436829283054,0.0
1970-01-01 00:00:00.000000024,1.1538461538461537,-0.3807316672889607,0.07964890736369759,0.0
1970-01-01 00:00:00.000000024,1.1826923076923075,-0.3896694795492849,0.08010613052700424,0.0
1970-01-01 00:00:00.000000024,1.1826923076923075,-0.3903442805417314,0.08321661686541672,0.0
1970-01-01 00:00:00.000000024,1.2153846153846153,-0.3996260950774643,0.16674252483924704,0.0
1970-01-01 00:00:00.000000024,1.2115384615384615,-0.3995602865498052,0.16883155379425283,0.0
1970-01-01 00:00:00.000000024,1.221153846153846,-0.3885016417672741,0.14170942760557909,0.0
1970-01-01 00:00:00.000000024,1.231730769230769,-0.33998404116659436,0.15732299155638277,0.0
1970-01-01 00:00:00.000000024,1.2403846153846154,-0.2910674697307734,0.106011344416755,0.0
1970-01-01 00:00:00.000000024,1.2884615384615383,-0.26883764156428785,-0.045016692303998,0.0
1970-01-01 00:00:00.000000024,1.3269230769230766,-0.21754885250499728,-1.5714620366247019,0.0
1970-01-01 00:00:00.000000024,1.4807692307692306,-0.10498137607063818,-1.1344582965629473,0.0
1970-01-01 00:00:00.000000024,1.4807692307692306,-0.11694830140223379,-1.058911970574874,0.0
1970-01-01 00:00:00.000000024,1.0,-0.5526227617896742,0.5438350910413504,0.0
1970-01-01 00:00:00.000000024,1.1538461538461537,-0.30386626691896934,0.9924594286913333,0.0
1970-01-01 00:00:00.000000024,1.0192307692307692,-0.15176644502249773,1.5025694836246482,0.0
1970-01-01 00:00:00.000000024,0.7692307692307692,-0.04382774868846997,1.8269166291741643,0.0
1970-01-01 00:00:00.000000024,0.7692307692307692,-0.03158276956619148,1.8241795040777864,0.0
1970-01-01 00:00:00.000000024,0.7884615384615383,0.19109297040130035,1.4259299809260686,0.0
